200103010600 2350  3650 040034 1 1VVGG       01503 36 97 22101602 150 235       205      7   3               165 21736992114 5                     2F111111111111A1A1AA1      276    12                    4                                              366                                                              99 0 BBXX01030120010300 VVGG 01063 99235 10365 41397 71507 10235 20205 40160 52015 70222 22234
200103010600 2620  5400 040023 1 1VTXF       0 904 15 98 20102002 200 225       170      100 901             165 21964992114 5                     2F111111111111A1A1AA1      276    10                    4                                              366                                                              99 0 BBXX01030120010200 VTXF 01064 99262 10540 41998 10903 10225 20170 40200 52020 70200 80001 22223
200103011200 3420  2310 040063 1 1VTXG       02703170 96   101751 100 180       154 1 169788 761             165 21643992114 5                     2113111111AA11A113AA1      276                          4                                              366                                                              99 0 BBXX01030120011000 VTXG 01123 99342 10231 4/796 72733 10180 20154 40175 51010 88861 22263 00169
200103011200 3420  2310 040063 1 1VTXG       02703170 96186101751 100 180       154 1 169742 721             165 21643992114 5                     21131111111111A111AA1      276     1                    4                                              366                                                              99 0 BBXX01030120010805 VTXG 01123 99342 10231 40796 72733 10180 20154 40175 51010 71861 84221 22263 00169
200103020000 2140 12400 040012 1 1VVJV       0 403180 97 31102021  60 230       202      642 220             165 22614992114 5                     2F111111111111A1A1AA1      276    11                    4                                              366                                                              99 0 BBXX01030120012200 VVJV 02003 99214 11240 41297 60435 10230 20202 40202 51006 70311 84220 22212
200103020600 1070 13840 040063 1 1VVKK       03403 67 98 3010077    3 320                524 643             165 263 8992114 5                     2F5311F1111111AAA1AAA      276     2                    1                                              366                                                              99 0 BBXX01030220010300 VVKK 02063 99107 11384 10698 53413 10320 20/// 40077 5//// 70302 82443 22263 00/// 2////
200103020600 2420  5900 040033 1 1VTXF       01304 15 98 30102082 100 230       180      200 904             165 21949992114 5                     2F111111111111A1A1AA1      276    10                    4                                              366                                                              99 0 BBXX01030220010300 VTXF 02064 99242 10590 41998 21303 10230 20180 40208 52010 70300 80004 22233
200103021800 3560  1630 040063 1 1VTXG       02303103 97 20102054  00 175       151 1 165200 905             165 21556992114 5                     11111111111111A111AA1      276     0                    4                                              366                                                              99 0 BBXX01030220011500 VTXG 02183 99356 10163 40997 22320 10175 20151 40205 54000 70200 80005 22263 00165
200103030000 1040 13500 040063 1 1VVKK       03403 67 98 3010089    0 315                533 521             165 263 5992114 5                     2F3311F1111111AAA1AAA      276     2                    1                                              366                                                              99 0 BBXX01030220012002 VVKK 03003 99104 11350 10598 53413 10315 40089 70302 83321 22263
200103030000 2420 12720 040013 1 1VVJV       0 703128 97 12101921  80 220       182      200 621             165 22647992114 5                     2F111111111111A1A1AA1      276    11                    4                                              366                                                              99 0 BBXX01030220012002 VVJV 03003 99242 11272 41697 20725 10220 20182 40192 51008 70121 80021 22213
200103030600 1010 13380 040063 1 1VVKK       02903 72 98 3010053    3 320                543 622             165 263 3992114 5                     2F5711F1111111AAA1AAA      276     2                    1                                              366                                                              99 0 BBXX01030320010400 VVKK 03063 99101 11338 10698 52914 10320 20/// 40053 5//// 70302 84322 22263 00/// 2////
200103030600 1260  4390 040024 1 1VVGG       01203 92 97 12101802 450 270       230      632 242             165 25423992114 5                     2F111111111111A1A1AA1      276    12                    4                                              366                                                              99 0 BBXX01030320010303 VVGG 03063 99126 10439 41297 61218 10270 20230 40180 52045 70122 83242 22224
200103040000 3740  1100 040073 1 1VTXG       02803 26 96 31101551 150 170       138 1 180752 782             165 21571992114 5                     13111111114111A111AA1      276     1                    4                                              366                                                              99 0 BBXX01030320012006 VTXG 04003 99374 10110 40796 72805 10170 20138 40155 51015 70311 85282 22273 00180
200103040600 1390  5060 040024 1 1VVGG       0 703 77 98 22102006  50 265       230      622 242             165 25530992114 5                     2F111311111111A1A1AA1      276    12                    4                                              366                                                              99 0 BBXX01030420010300 VVGG 04063 99139 10506 41298 60715 10265 20230 40200 56005 70222 82242 22224
200103040600 1940  7060 040073 1 1VTXK       03403 36 98 20101642 200 270       198      000 900             165 25790992114 5                     2F111111111111A1A1AA1      276    10                    4                                              366                                                              99 0 BBXX01030420010200 VTXK 04063 99194 10706 41998 03407 10270 20198 40164 52020 70200 80000 22273
200103040600 2430  5880 040073 1 1ATJZ       03613 10 98 2010194    0 260       218      2 A 7AA             165 21948992114 5                     2F1FF111211111A1A1AAA      276    10                    4                                              366                                                              99 0 BBXX01030420010200 ATJZ 04063 99243 10588 41798 20002 10260 20218 40194 70200 8//// 22273
200103040600 3780   960 040063 1 1VTXG       02703 77 97 10101357 100 170       138 1 160200 905             165 21479992114 5                     21111111111111A111AA1      276     0                    4                                              366                                                              99 0 BBXX01030420010200 VTXG 04063 99378 10096 40997 22715 10170 20138 40135 57010 70100 80005 22263 00160
200103041200 2050  6980 040073 1 1VTXK       03303 67 98   101387 200 270       198      000 900             165 220 9992114 5                     2F11111111AA11A1A1AA1      276    2                     4                                              366                                                              99 0 BBXX01030420010809 VTXK 04123 99205 10698 42998 03313 10270 20198 40138 57020 80000 22273
200103041800 2170  6910 040073 1 1VTXK       03103 67 98   101792 200 260       202      000 900             165 22019992114 5                     1F11111111AA11A1A1AA1      276    2                     4                                              366                                                              99 0 BBXX01030420011400 VTXK 04183 99217 10691 42998 03113 10260 20202 40179 52020 80000 22273
200103050000 3740   520 040063 1 1VTXG       02303 41 97 21101554  00 190       158 1 1757 8 A1A             165 21475992114 5                     11111111111111A111AA1      276     0                    4                                              366                                                              99 0 BBXX01030420012006 VTXG 05003 99374 10052 40/97 72308 10190 20158 40155 54000 70210 8/81/ 22263 00175
200103050600 1560  5740 040024 1 1VVGG       0 703 77 98 11101906 350 270       190      9   A               165 25557992114 5                     2F111111111111A1A4AA1      276    11                    4                                              366                                                              99 0 BBXX01030520010302 VVGG 05063 99156 10574 41/98 90715 10270 20190 40190 56035 70111 22224
200103051200 3710   220 040063 1 1VTXG       02603 72 97 21101852 150 190       158 1 170320 731             165 21472992114 5                     21111111111111A111AA1      276     0                    4                                              366                                                              99 0 BBXX01030520010900 VTXG 05123 99371 10022 40797 32614 10190 20158 40185 52015 70210 82031 22263 00170
200103060000  790 21190 040062 1 1VVKK       02903 72 98 1010084    0 300                543 54A             165 30778992114 5                     2F5711F1111111AAA1AAA      276     2                    3                                              366                                                              99 0 BBXX01030520012000 VVKK 06003 99079 12119 30598 52914 10300 2//// 40084 70102 8434/ 22262 00/// 2////
200103060000 3660   -50 040063 1 1VTXG       03613  0 97 21102004  00 180       154 1 167750 635             165 21360992114 5                     11111111111111A111AA1      276     0                    4                                              366                                                              99 0 BBXX01030520012100 VTXG 06003 99366 70005 40697 70000 10180 20154 40200 54000 70210 85035 22263 00167 B RGDS 441932710
200103060600 1720  6430 040024 1 1VVGG       0 703 77 98 11101852  50 270       210      412 312             165 25674992114 5                     2F121111111111A1A1AA1      276    11                    4                                              366                                                              99 0 BBXX01030620010500 VVGG 06063 99172 10643 41398 40715 10270 20210 40185 52005 70111 81212 22224
200103070000 -630 11800 040063 1 1VVKK       02903 77 9725010094    3 270                744 69A             165 33368992114 5                     2F1111F1111111AAA1AAA      276     3                    1                                              366                                                              99 0 BBXX01030620012000 VVKK 07003 99063 31180 10697 72915 10270 20/// 40094 72503 8449/ 22263 00///
200103070600 -610 11680 040063 1 1VVKK       02703 72 98 3010070    3 310                744 532             165 33366992114 5                     2F1111F1111111AAA1AAA      276     2                    1                                              366                                                              99 0 BBXX01030720010400 VVKK 07063 99061 31168 10598 72714 10310 20/// 40070 70302 84432 22263 00///
200103070600 1880  7090 040024 1 1VVGG       03503 51 98 11101804  00 270       230      314 411             165 25780992114 5                     2F111311111111A1A1AA1      276    11                    4                                              366                                                              99 0 BBXX01030720010600 VVGG 07063 99188 10709 41498 33510 10270 20230 40180 54000 70111 81411 22224
200103080000 -560 11340 040063 1 1VVKK       02903 77 97 3210084    3 280                743 59A             165 33353992114 5                     2F1111F1111111AAA1AAA      276     1                    1                                              366                                                              99 0 BBXX01030720012000 VVKK 08003 99056 31134 10597 72915 10280 20/// 40084 5//// 70321 8439/ 22263 00/// 2////
200103080600 -500 11230 040063 1 1VVKK       03103 62 98 3210063    3 310                633 622             165 33352992114 5                     2F3111F1111111AAA1AAA      276     1                    1                                              366                                                              99 0 BBXX01030820010300 VVKK 08063 99050 31123 10698 63112 10310 20/// 40063 5//// 70321 83322 22263 00/// 2////
200103090600 -220 10890 040073 1 1VVKK       03303 57 98 30         3 320                633 642             165 33228992114 5                     2F511FF11111A1AAA1AAA      276     2                    1                                              366                                                              99 0 BBXX01030920010300 VVKK 09063 99022 31089 10698 63311 10320 20/// 41007 5//// 70302 83342 22273 00/// 2////
200103090600 4340  1480 040033 1 1ATQO       01503108 97 12100981  50 150       130      632 441             165 17934992114 5                     2F111111111111A1A1AA1      276    12                    4                                              366                                                              99 0 BBXX01030920010300 ATQO 09063 99434 10148 41497 61521 10150 20130 40098 51005 70122 83241 22233
200103100600   60 10550 040073 1 1VVKK       03203 51 98 3010083    3 315                633 622             165 296 5992114 5                     2F3111F1111111AAA1AAA      276     2                    1                                              366                                                              99 0 BBXX01031020010200 VVKK 10063 99006 11055 10698 63210 10315 20/// 40083 70302 83322 22273 00/// 2////
200103100600 1350  7430 040034 1 1VVGG           3 51 98 22101652  50 300       230      531 244             165 25734992114 5                     2F1FF111711111A1A1AA1      276    12                    4                                              366                                                              99 0 BBXX01031020010200 VVGG 10063 99135 10743 41298 55510 10300 20230 40165 52005 70222 83144 22234
200103100600 3920  1930 040033 1 1ATQO       01603 82 96  6101780  70 150       130      751 281             165 21599992114 5                     2F11111111A111A1A1AA1      276    12                    4                                              366                                                              99 0 BBXX01031020010500 ATQO 10063 99392 10193 41296 71616 10150 20130 40178 50007 70/62 85181 22233
200103100600 3920  1930 040033 1 1ATQO       01603 82 96 26101781  70 150       130      751 281             165 21599992114 5                     2F111111114111A1A1AA1      276    12                    4                                              366                                                              99 0 BBXX01031020010300 ATQO 10063 99392 10193 41296 71616 10150 20130 40178 51007 70262 85181 22233
200103110000  180  5980 040073 1 1VVKK       03603 46    1010084    3 270                431 A4A             165 29119992114 5                     1F1111F11A1111AAA1AAA      276     2                                                                   366                                                              99 0 BBXX01031020012100 VVKK 11003 99018 10598 ///// 43609 10270 20/// 40084 5//// 70102 8314/ 22273 00///
200103110600 2040  6800 040033 1 1ATJZ       03613 10 98 2010137    0 270       214      0 A AAA             165 220 8992114 5                     2F1FF111211111A1A1AAA      276    10                    4                                              366                                                              99 0 BBXX01031120010200 ATJZ 11063 99204 10680 41/98 00002 10270 20214 40137 70200 8//// 22233
200103110600 2440  5810 040073 1 1VTXF       02704 57 97 22101142 200 260       250      661 600             165 21948992114 5                     2F111111111111A1A1AA1      276    12                    4                                              366                                                              99 0 BBXX01031120010300 VTXF 11064 99244 10581 41697 62711 10260 20250 40114 52020 70222 86100 22273
200103110600 3500  2310 0400   1 1ATQO       03613  0 96 2210170    0 160       130      641 321             165 21653992114 5                     2F111111114111A1A1AAA      276    12                    4                                              366                                                              99 0 BBXX01031120010400 ATQO 11063 99350 10231 41396 60000 10160 20130 40170 70222 84121
200103110600 3500  2310 040033 1 1ATQO       03613  0 96 22101704  00 160       130      641 321             165 21653992114 5                     2F111111114111A1A1AA1      276    12                    4                                              366                                                              99 0 BBXX01031120010200 ATQO 11063 99350 10231 41396 60000 10160 20130 40170 54000 70222 84121 22233
200103110600 3500  2310 040033 1 1ATQO       03613  0 96 22101804  00 160       130      641 321             165 21653992114 5                     2F111111114111A1A1AA1      276    12                    4                                              366                                                              99 0 BBXX01031120010400 ATQO 11063 99350 10231 41396 60000 10160 20130 40180 54000 70222 84121 22233
200103111200 1970  6930 040033 1 1ATJZ       0 903 26 97 31101065  00 350       235      651 771             165 25699992114 5                     2F711111111116A6A1AA1      276    11                    4                                              366                                                              99 0 BBXX01031120011104 ATJZ 11123 99197 10693 41797 60905 10350 20235 40106 55000 70311 85171 22233
200103120000 1140  7460 040043 1 1VWNS       03603 15 98 20100896  40 265       231 1 260210 51A             165 25714992114 5                     12111111111111A111AA1      276    10                    4                                              366                                                              99 0 BBXX01031120012357 VWNS 12003 99114 10746 41598 23603 10265 20231 40089 56004 70200 8101/ 22243 00260 2////
200103120600 2660  5830 040073 1 1VTXF       0 904 72 97 22101424  00 250                700 908             165 21968992114 5                     2FDDDDF7111111AAA1AA1  1   276    12                    4                                              366                                                              99 0 BBXX01031220010300 VTXF 12064 99266 10583 41997 70914 10250 250250 20200 40142 54000 70222 80008 22273
200103120600 2660  5830 040073 1 1VTXF       0 904 72 97 22101424  00 250       200      700 908             165 21968992114 5                     2FDDDDD7111111A1A1AA1  1   276    12                    4                                              366                                                              99 0 BBXX01031220010300 VTXF 12064 99266 10583 41997 70914 10250250250 20200 40142 54000 70222 80008 22273
200103120600 3280  2910 040033 1 1ATQO       03613 10 97 11101404  00 170       150      531 341             165 21629992114 5                     2F1FF111211111A1A1AA1      276    11                    4                                              366                                                              99 0 BBXX01031220010200 ATQO 12063 99328 10291 41397 50002 10170 20150 40140 54000 70111 83141 22233
200103121200  560  9790 040073 1 1VVKK       03603 51    0010082    3 290                431 A8A             165 29557992114 5                     1F1111F11A1111AAA1AAA      276     2                    4                                              366                                                              99 0 BBXX01031220010800 VVKK 12123 99056 10979 4//// 43610 10290 20/// 40082 70002 8318/ 22273 00/// 2////
200103121200 3200   550 040033 1 1ATQO       03203 41 97 22101356 200 200       180      7 A 317             165 21425992114 5                     2FDDDDD7111111A1A1AA1  1   276    12                    4                                              366                                                              99 0 BBXX01031220011300 ATQO 12123 99320 10055 41397 73208 10200 20180 40135 56020 70222 8//17 22233
200103121200 3200  3050 040033 1 1ATQO       03203 41 97 22101356 200 200       180      734 317             165 18120992114 5                     2F111111111111A1A1AA1      276    12                    4                                              366                                                              99 0 BBXX02031220011000 ATQO 12123 99320 10305 41397 73208 10200 20180 40135 56020 70222 83417 22233
200103130000  690  9610 040073 1 1VVKK       02903 98 97 3210074    3 280                755 59A             165 29566992114 5                     2F1511F1111111AAA1AAA      276     1                    1                                              366                                                              99 0 BBXX01031220012100 VVKK 13003 99069 10961 10597 72919 10280 20/// 40074 5//// 70321 8559/ 22273 00/// 2////
200103130000 2730 13490 040033 1 1VVJV       03603 77 97 30102102 200 180       156      641 360             165 22774992114 5                     2F111111111111A1A1AA1      276    10                    4                                              366                                                              99 0 BBXX01031220012000 VVJV 13003 99273 11349 41397 63615 10180 20156 40210 52020 70300 84160 22233
200103131200  830  9430 040073 1 1VVKK       02903 87 98 1010074    3 300                523 57A             165 29584992114 5                     1F1711F1111111AAA1AAA      276     2                    1                                              366                                                              99 0 BBXX01031320010800 VVKK 13123 99083 10943 10598 52917 10300 20/// 40074 5//// 70102 8237/ 22273 00/// 2////
200103140000  570  8090 040023 1 1VWNS       0 603 51 97 10100976  80 275       234 1 265544 41A             165 29450992114 5                     12111111111111A111AA1      276    10                    4                                              366                                                              99 0 BBXX01031320012300 VWNS 14003 99057 10809 41497 50610 10275 20234 40097 56008 70100 8441/ 22223 00265 2////
200103140000  980  9250 040073 1 1VVKK       02803 98 96 3010074    3 290                745 59A             165 29592992114 5                     2F1711F1114111AAA1AAA      276     2                    1                                              366                                                              99 0 BBXX01031320012100 VVKK 14003 99098 10925 10596 72819 10290 20/// 40074 5//// 70302 8459/ 22273 00/// 2////
200103140000  980  9250 040073 1 1VVKK       02803 98 96 3010074    3 290                745 59A             165 29592992114 5                     2F1711F1114111AAA1AAA      276    12                    4                                              366                                                              99 0 BBXX01031320012200 VVKK 14003 99098 10925 41596 72819 10290 20/// 40074 5//// 70302 8459/ 22273 00/// 2////
200103140000 2240 13710 040033 1 1VVJV       0 503 92 97 11102181 100 210       180      200 701             165 22727992114 5                     2F111111111111A1A1AA1      276    11                    4                                              366                                                              99 0 BBXX01031320012100 VVJV 14003 99224 11371 41797 20518 10210 20180 40218 51010 70111 80001 22233
200103141200 1140  9070 040073 1 1VVKK       02803 72 98 1010084    3 300                531 589             165 25910992114 5                     1F1511F1111111AAA1AAA      276     2                    1                                              366                                                              99 0 BBXX01031420010900 VVKK 14123 99114 10907 10598 52814 10300 20/// 40084 5//// 70102 83189 22273 00/// 2////
200103141200 2650  3430 0400   1 1ATQO       01303113 97 0010175    0 250       192       10 888             165 21764992114 5                     2F121111111111A1A4AAA      276    10                    4                                              366                                                              99 0 BBXX01031420011300 ATQO 14123 99265 10343 41897 /1322 10250 20192 40175 6015/ 70000 81088
200103141200 2650  3430 040033 1 1ATQO       03203128 97 00101156 190 250       192      110 808             165 21764992114 5                     2F111111111111A1A1AA1      276    10                    4                                              366                                                              99 0 BBXX01031420011106 ATQO 14123 99265 10343 41897 13225 10250 20192 40115 56019 70000 81008 22233
200103150000 1290  8890 040073 1 1VVKK       02803 67 98 1010094    3 280                433 54A             165 25828992114 5                     1F1511F1111111AAA1AAA      276     2                    1                                              366                                                              99 0 BBXX01031420012200 VVKK 15003 99129 10889 10598 42813 10280 20/// 40094 70102 8334/ 22273 00/// 2////
200103150000 1790 13910 040033 1 1VVJV       0 803 92 97 21101484  00 270       257      321 301             165 26379992114 5                     2F111111111111A1A1AA1      276    11                    4                                              366                                                              99 0 BBXX01031420012100 VVJV 15003 99179 11391 41397 30818 10270 20257 40148 54000 70211 82101 22233
200103150600  840  7400 040064 1 1VVGG       03103 26 98 21101602 100 320       250      531 342             165 29384992114 5                     2F111111111111A1A1AA1      276    11                    4                                              366                                                              99 0 BBXX01031520010400 VVGG 15063 99084 10740 41398 53105 10320 20250 40160 52010 70211 83142 22264
200103150600 2610  5470 040023 1 1VTXF       0 704113 98 32101302 200 240       190      760 970             165 21964992114 5                     2F141111111111A1A1AA1      276    12                    4                                              366                                                              99 0 BBXX01031520010300 VTXF 15064 99261 10547 41998 70722 10240 20190 40130 52020 70322 86070 22223
200103151200 2210  3740 040033 1 1ATQO       03103103 97 00101266 160 290       236      010 907             165 21727992114 5                     2F111111111111A1A4AA1      276    10                    4                                              366                                                              99 0 BBXX01031520010904 ATQO 15123 99221 10374 41997 03120 10290 20236 40126 56016 70000 81007 22233
200103160000 1480 14260 040033 1 1VVJV       01003 77 97 21101281  80 280       267      220 701             165 26442992114 5                     2F111111111111A1A1AA1      276    11                    4                                              366                                                              99 0 BBXX01031520012200 VVJV 16003 99148 11426 41797 21015 10280 20267 40128 51008 70211 82001 22233
200103160600 1010  6730 040064 1 1VVGG       03103 31 98 22101606  50 320       260      634 342             165 256 7992114 5                     2F311111111111A1A1AA1      276    12                    4                                              366                                                              99 0 BBXX01031620010200 VVGG 16063 99101 10673 41398 63106 10320 20260 40160 56005 70222 83442 22264
200103160600 1850  3980 040033 1 1ATQO       03203103 98 20101154  00 270       230      110 907             165 25389992114 5                     2F111111111111A1A1AA1      276    10                    4                                              366                                                              99 0 BBXX01031620010300 ATQO 16063 99185 10398 41998 13220 10270 20230 40115 54000 70200 81007 22233
200103160600 3450  2420 040073 1 1VTXT       03403123 98 20101642 100 160       127      211 401             165 21644992114 5                     2F111111111111A1A1AA1      276    10                    4                                              366                                                              99 0 BBXX01031620010400 VTXT 16063 99345 10242 41498 23424 10160 20127 40164 52010 70200 81101 22273
200103170000 1330 14260 040033 1 1VVJV       01003 77 97165101184  00 270       250      537 361             165 26432992114 5                     2F111111111111A1A1AA1      276    12                    4                                              366                                                              99 0 BBXX01031620012100 VVJV 17003 99133 11426 41397 51015 10270 20250 40118 54000 71652 83761 22233
200103170600 1180  6030 040064 1 1VVGG       0 303 36 98 22101652  50 300       230      534 232             165 25610992114 5                     2F111111111111A1A1AA1      276    11                    4                                              366                                                              99 0 BBXX01031720010200 VVGG 17063 99118 10603 41298 50307 10300 20230 40165 52005 70221 83432 22264
200103170600 2060  6710 040073 1 1ATJZ       03613 10 98 2010119    0 280       193      2 A 7AA             165 220 7992114 5                     2F1FF111211111A1A1AAA      276    10                    4                                              366                                                              99 0 BBXX01031720010300 ATJZ 17063 99206 10671 41798 20002 10280 20193 40119 70200 8//// 22273
200103180000  840 14290 040033 1 1VVJV       0 703 77 97 30101086 100 280       267      537 326             165 30082992114 5                     2F111111111111A1A1AA1      276    10                    4                                              366                                                              99 0 BBXX01031720012100 VVJV 18003 99084 11429 41397 50715 10280 20267 40108 56010 70300 83726 22233
200103180600 1340  5370 040064 1 1VVGG       0 303 26 98 22101456  50 290       220      633 332             165 25533992114 5                     2F111111111111A1A1AA1      276    12                    4                                              366                                                              99 0 BBXX01031820010400 VVGG 18063 99134 10537 41398 60305 10290 20220 40145 56005 70222 83332 22264
200103181200 1340  4810 040013 1 1ATQO       0 803103 97 00100986 300 270       229      110 907             165 25438992114 5                     2F111111111111A1A1AA1      276    10                    4                                              366                                                              99 0 BBXX01031820010800 ATQO 18123 99134 10481 41997 10820 10270 20229 40098 56030 70000 81007 22213
200103190000  430 14570 040033 1 1VVJV       01203 51 97 11101181 100 300       247      531 337             165 30045992114 5                     2F111111111111A1A1AA1      276    11                    4                                              366                                                              99 0 BBXX01031820012000 VVJV 19003 99043 11457 41397 51210 10300 20247 40118 51010 70111 83137 22233
200103190000 1290  4850 040064 1 1VVGG       0 503 62 98192101654  00 260       230      646 37A             165 25428992114 5                     1F111111111111A1A1AA1      276    12                    4                                              366                                                              99 0 BBXX01031820012302 VVGG 19003 99129 10485 41398 60512 10260 20230 40165 54000 71922 8467/ 22264
200103190000 2010  7010 0400   1 1VTXK       03103 51 98   101384  00 240        26      4 A AAA             165 221 0992114 5                     1F11116111AA11A9A1AA1      276    2                     4                                              366                                                              99 0 BBXX01031820012100 VTXK 19003 99201 10701 42/98 43110 10240 20026 40138 54000 8////
200103190600 1270  4690 040064 1 1VVGG       0 403 31 98 22101902 200 250       240      531 231             165 25426992114 5                     2F111311111111A1A1AA1      276    11                    4                                              366                                                              99 0 BBXX01031920010300 VVGG 19063 99127 10469 41298 50406 10250 20240 40190 52020 70221 83131 22264
200103191200 1250  4520 040064 1 1VVGG       0 603 41 98 21101456 350 330       230      110 9A7             165 25425992114 5                     2F511121111116A6A1AA1      276    10                    4                                              366                                                              99 0 BBXX01031920011000 VVGG 19123 99125 10452 41998 10608 10330 20230 40145 56035 70210 810/7 22264
200103200600 1390  7370 040033 1 1VTXK       03303    98 20101287 100 320       254      322 510             165 25733992114 5                     2F1FF111711111A1A1AA1      276    10                    4                                              366                                                              99 0 BBXX01032020010400 VTXK 20063 99139 10737 41598 333// 10320 20254 40128 57010 70200 82210 22233
200103200600 1390  7370 040033 1 1VTXK       03303 36 98 20101287 100 320       254      322 510             165 25733992114 5                     2F111111111111A1A1AA1      276    10                    4                                              366                                                              99 0 BBXX01032020010500 VTXK 20063 99139 10737 41598 33307 10320 20254 40128 57010 70200 82210 22233
200103200600 1550  4170 040074 1 1VVGG       01503 36 97 21101602 300 270       210      412 451             165 25451992114 5                     2F111111111111A1A1AA1      276    11                    4                                              366                                                              99 0 BBXX01032020010300 VVGG 20063 99155 10417 41497 41507 10270 20210 40160 52030 70211 81251 22274
200103200600 1780  5690 040013 1 1ATQO       03613 10 94 54101451  50 300       250      4 A A61             165 25576992114 5                     2F1FF111211111A1A1AA1      276    14                    4                                              366                                                              99 0 BBXX01032020010300 ATQO 20063 99178 10569 41/94 40002 10300 20250 40145 51005 70544 8//61 22213
200103200600 7390  7370 0400   1 1VTXK       03303 36 98 20101287 10            254      322 516             165  4133992114 5                     2FFCCCF111111AA1A1AA1      276    10                    4                                              366                                                              99 0 BBXX01032020010500 VTXK 20063 99739 10737 41598 33307 1/328 20254 40128 57010 70200 82216
200103201200 1280  7440 0400   1 1VTXK       02703 41 98 2010078    0 330       250      331 600             165 25724992114 5                     2F311111111111A1A1AAA      276    10                    4                                              366                                                              99 0 BBXX01032020010900 VTXK 20123 99128 10744 41698 32708 10330 20250 40078 97040 333 70200 83100
200103201200 1700  4080 040074 1 1VVGG       01503103 97 21101056 500 300       190      21A 744             165 25470992114 5                     2F111111111111A1A1AA1      276    10                    4                                              366                                                              99 0 BBXX01032020010900 VVGG 20123 99170 10408 41797 21520 10300 20190 40105 56050 70210 81/44 22274
200103201800 1160  7510 040033 1 1VTXK       03003 46 98   101084  00 280       239      000 90A             165 25715992114 5                     1F11111111AA11A1A1AA1      276    2                     4                                              366                                                              99 0 BBXX01032020011500 VTXK 20183 99116 10751 42998 03009 10280 20239 40108 54000 8000/ 22233
200103201800 3640   -90 040023 1 1VTXG       02103 67 97 21101926  30 185       153 1 170430 706             165 21360992114 5                     11111111111111A111AA1      276     1                    4                                              366                                                              99 0 BBXX01032020011700 VTXG 20183 99364 70009 40797 42113 10185 20153 40192 56003 70211 83006 22223 00170
200103210000 -270 15310 040033 1 1VVJV       0 503 21 97 20100981 180 310       297      421 231             165 33723992114 5                     2F111111111111A1A1AA1      276    10                    4                                              366                                                              99 0 BBXX01032020012000 VVJV 21003 99027 31531 41297 40504 10310 20297 40098 51018 70200 82131 22233
200103210000 1030  7580 040033 1 1VTXK       03003 31 98   101084  00 290       236      3 A AAA             165 257 5992114 5                     1F11111111AA11A1A1AA1      276    2                     4                                              366                                                              99 0 BBXX01032020012100 VTXK 21003 99103 10758 42/98 33006 10290 20236 40108 54000 8//// 22233
200103210000 2000  3900 040074 1 1VVGG       01503 77 98 20101156  50 270       240      110 9AA             165 217 9992114 5                     1F111111111111A1A1AA1      276    10                    4                                              366                                                              99 0 BBXX01032120010004 VVGG 21003 99200 10390 41998 11515 10270 20240 40115 56005 70200 810// 22274
200103211200 2290  3730 040074 1 1VVGG       03003 77 97 20101056 150 270       240      11A 844             165 21727992114 5                     2F111111111111A1A1AA1      276    10                    4                                              366                                                              99 0 BBXX01032120010900 VVGG 21123 99229 10373 41897 13015 10270 20240 40105 56015 70200 81/44 22274
200103211800  830  7830 040023 1 1VTXK       02503 98 98   100787 300 300       246      000 900             165 29388992114 5                     1F15111111AA11A1A1AA1      276    2                     4                                              366                                                              99 0 BBXX01032120011400 VTXK 21183 99083 10783 42998 02519 10300 20246 40078 57030 80000 22223
200103220000 1800  1960 040033 1 1VWNS       01403 10 97 10100572  60 275       248 1 280225 21A             165 28789992114 5                     1DDDDDD7111111A111AA1  1   276    10                    4                                              366                                                              99 0 BBXX01032120012303 VWNS 22003 99180 10196 41297 21402 10275 20248 40057 52006 70100 8251/22233 00280
200103220600  870  7820 040000 1 1VTXK       0 103 26 98 20100834  00 370       280      522 510             165 29388992114 5                     2F711111111119A9A1AA1      276    10                    4                                              366                                                              99 0 BBXX01032220010200 VTXK 22063 99087 10782 41598 50105 10370 20280 40083 54000 70200 82210 22200
200103230000 1380  9380 040033 1 1VWNS       01503 10 98162100622 100 285       251 1 285618 121             165 25933992114 5                     21111111111111A111AA1      276    18                    4                                              366                                                              99 0 BBXX01032220012200 VWNS 23003 99138 10938 41198 61502 10285 20251 40062 52010 71628 81821 22233 00285
200103231800  860  7650 040033 1 1VTXK       0 503 77 98   100884  00 290       250      000 900             165 29386992114 5                     1F11111111AA11A1A1AA1      276    2                     4                                              366                                                              99 0 BBXX01032320012100 VTXK 23183 99086 10765 42998 00515 10290 20250 40088 54000 80000 22233
200103240000  980  7600 040073 1 1VTXK       03403 67 98   100884  00 280       225      8 A AAA             165 29396992114 5                     1F11111111AA11A1A1AA1      276    2                     4                                              366                                                              99 0 BBXX01032320012100 VTXK 24003 99098 10760 42/98 83413 10280 20225 40088 54000 8//// 22273
200103240000 3230  3040 0400   1 1VVGG       03003154    21101104  00 180       130      110 9AA             165 18120992114 5                     1F1111111A1111A1A1AA1      276    10                    4                                              366                                                              99 0 BBXX01032320012200 VVGG 24003 99323 10304 4199/ 13030 10180 20130 4011/ 54000 70210 810//
200103240000 3230  3040 040063 1 1VVGG       03003154 97 21101104  00 180       130      110 9AA             165 18120992114 5                     1F111111111111A1A1AA1      276    10                    4                                              366                                                              99 0 BBXX01032320012100 VVGG 24003 99323 10304 41997 13030 10180 20130 40110 54000 70210 810// 22263
200103240000-1590 15400 040043 1 1VVJV       01403 21 98 28101201 100 290       270      421 322             165 37354992114 5                     2F111111111111A1A1AA1      276    12                    4                                              366                                                              99 0 BBXX01032320012100 VVJV 24003 99159 31540 41398 41404 10290 20270 40120 51010 70282 82122 22243
200103240600 1080  7560 040073 1 1VTXK       03303 67 98 20100932  50 300       232      322 510             165 257 5992114 5                     2F111111111111A1A1AA1      276    10                    4                                              366                                                              99 0 BBXX01032420010200 VTXK 24063 99108 10756 41598 33313 10300 20232 40093 52005 70200 82210 22273
200103240600 3270  2880 040063 1 1VVGG       03103180 97 11101552 250 185       140      631 831             165 21628992114 5                     2F111111111111A1A1AA1      276    11                    4                                              366                                                              99 0 BBXX01032420010300 VVGG 24063 99327 10288 41897 63135 10185 20140 40155 52025 70111 83131 22263
200103240600 3480  2080 040023 1 1VTXG       02703 51 96 20102124  00 190       158 1 180000 900             165 21640992114 5                     21111111114111A111AA1      276     0                    4                                              366                                                              99 0 BBXX01032420010300 VTXG 24063 99348 10208 40996 02710 10190 20158 40212 54000 70200 80000 22223 00180
200103241200 1200  7490 040073 1 1VTXK       03203 98 98   100437 300 300       232      000 90A             165 25724992114 5                     2F11111111AA11A1A1AA1      276    2                     4                                              366                                                              99 0 BBXX01032420010900 VTXK 24123 99120 10749 42998 03219 10300 20232 40043 57030 8000/ 22273
200103241200 3450  2220 040023 1 1VTXG       02503 62 97 06102054  03 200       130 1 1800   9               165 21642992114 5                     21111111111111A111AA1      276     8                    4                                              366                                                              99 0 BBXX01032420011000 VTXG 24123 99345 10222 4/997 02512 10200 2013/ 40205 54000 70068 22223 00180
200103241200 3450  2220 040023 1 1VTXG       02503 62 97 20102054  00 200       153 1 180000 900             165 21642992114 5                     21111111111111A111AA1      276     0                    4                                              366                                                              99 0 BBXX01032420010900 VTXG 24123 99345 10222 40997 02512 10200 20153 40205 54000 70200 80000 22223 00180
200103241800 3410  2370 040023 1 1VTXG       02403 51 97 20     4  00 190       158 1 1800   9               165 21643992114 5                     11111F111111A1A111AA1      276     0                    4                                              366                                                              99 0 BBXX01032420011600 VTXG 24183 99341 10237 4/997 02410 10190 20158 4092/ 54000 70200 22223 00180
200103241800 3410  2370 040023 1 1VTXG       02403 51 97 20101924   0 190       158 1 1800   9               165 21643992114 5                     11111111111111A111AA7      276     0                    4                                              366                                                              99 0 BBXX01032420011600 VTXG 24183 99341 10237 4/997 02410 10190 20158 40192 540/0 70200 22223 00180
200103241800 3410  2370 040023 1 1VTXG       02403 51 97 20101924  00 190       158      0   9     180       165 21643992114 5                     1F111111111111A1A19A1      276     0                    4                                              366                                                              99 0 BBXX01032420011600 VTXG 24183 99341 10237 4/997 02410 10190 20158 40192 54000 70200 22223 10180
200103241800 3410  2370 040023 1 1VTXG       02403 51 97 20101924  00 190       158 1 180000 900             165 21643992114 5                     11111111111111A111AA1      276     0                    4                                              366                                                              99 0 BBXX01032420011400 VTXG 24183 99341 10237 40997 02410 10190 20158 40192 54000 70200 80000 22223 00180
200103250000  470  9930 040033 1 1VWNS       01403 10 98 11100672  70 280       246 1 280539 249             165 29549992114 5                     21111111111111A111AA1      276    11                    4                                              366                                                              99 0 BBXX01032420012200 VWNS 25003 99047 10993 41298 51402 10280 20246 40067 52007 70111 83949 22233 00280
200103250000 1560  7340 040073 1 1VWWK       02703 36 98   10073    0 260                213 590             165 25753992114 5                     1F1111F111AA11AAA1AAA      276    2                     4                                              366                                                              99 0 BBXX01032420012100 VWWK 25003 99156 10734 42598 22707 10260 40073 81390 22273
200103250000 3380  2500 04002  1 1VTXG       02403 41 97 20102054  00 280       131 1 1730   9               165 21635992114 5                     11711121111116A611AA1      276     0                    4                                              366                                                              99 0 BBXX01032420012200 VTXG 25003 99338 10250 4/997 02408 10280 20131 40205 54000 70200 2222/ 00173
200103250000 3380  2500 040023 1 1VTXG       02403 41 97 20102004  10 180       131 1 1730   9               165 21635992114 5                     11111111111111A111AA7      276     0                    4                                              366                                                              99 0 BBXX01032420012200 VTXG 25003 99338 10250 4/997 02408 10180 20131 4020/ 54001 70200 22223 00173
200103250000 3380  2500 040023 1 1VTXG       02403 41 97 20102054  00 180       131 1 173000 900             165 21635992114 5                     11111111111111A111AA1      276     0                    4                                              366                                                              99 0 BBXX01032420012000 VTXG 25003 99338 10250 40997 02408 10180 20131 40205 54000 70200 80000 22223 00173
200103250000 3420  2330 040063 1 1VVGG       02703103 97 20101802 100 180       150      110 9AA             165 21643992114 5                     1F111111111111A1A1AA1      276    10                    4                                              366                                                              99 0 BBXX01032420012000 VVGG 25003 99342 10233 41997 12720 10180 20150 40180 52010 70200 810// 22263
200103250600 3460  2140 040064 1 1VVGG       02703 51 98 21101756  50 190       160      214 221             165 21641992114 5                     2F111111111111A1A1AA1      276    11                    4                                              366                                                              99 0 BBXX01032520010300 VVGG 25063 99346 10214 41298 22710 10190 20160 40175 56005 70211 81421 22264
200103251200 3510  1960 040064 1 1VVGG       02103 82 98 20101456   0 215       125      21A 8A5             165 21559992114 5                     2F511111111111A1A1AA7      276    10                    4                                              366                                                              99 0 BBXX01032520011000 VVGG 25123 99351 10196 41898 22116 10215 20125 40145 56/15 70200 81//5 22264
200103251200 3510  1960 040064 1 1VVGG       02103 82 98 20101456 150 215       125      21A 8A5             165 21559992114 5                     2F511111111111A1A1AA1      276    10                    4                                              366                                                              99 0 BBXX01032520010805 VVGG 25123 99351 10196 41898 22116 10215 20125 40145 56015 70200 81//5 22264
200103251800 3250  2950 040023 1 1VTXG       03613  0    20101204  00 180       154 1 1900   9               165 21629992114 5                     111111111A1111A111AA1      276     0                    4                                              366                                                              99 0 BBXX01032520011600 VTXG 25183 99325 10295 4/957 00000 10180 20154 4012/ 54000 70200 22223 00190
200103251800 3250  2950 040023 1 1VTXG       03613  0 97 20101924  00 180       154 1 190000 900             165 21629992114 5                     11111111111111A111AA1      276     0                    4                                              366                                                              99 0 BBXX01032520011500 VTXG 25183 99325 10295 40997 00000 10180 20154 40192 54000 70200 80000 22223 00190
200103260000 1290  7310 040063 1 1VTXK       0 203411 98 20101224  00           239      121 500             165 25723992114 5                     1FF661F111111AA1A4AA1      276    10                    4                                              366                                                              99 0 BBXX01032520012200 VTXK 26003 99129 10731 41598 10280 20239 40122 54000 70200 82100 22263
200103260600 2110  6600 040033 1 1ATJZ       02703 62 97 2010114    0 270       243      2 A 6AA             165 22016992114 5                     2F111111111111A1A1AAA      276    10                    4                                              366                                                              99 0 BBXX01032620010200 ATJZ 26063 99211 10660 41697 22712 10270 20243 40114 70200 8//// 22233
200103260600 3460  1400 040074 1 1VVGG       03203 77 97 20101104  00 180       150          A               165 21544992114 5                     2F111111111111A1A8AA1      276    10                    4                                              366                                                              99 0 BBXX01032620010500 VVGG 26063 99346 10140 41/97 /3215 10180 20150 40110 54000 70200 22274
200103261800 1300  6910 040063 1 1VTXK       03303 77 98   101114  00 280       225      44A AAA             165 25639992114 5                     1F11111111AA11A1A1AA1      276    2                     4                                              366                                                              99 0 BBXX01032620011500 VTXK 26183 99130 10691 42/98 43315 10280 20225 40111 54000 84/// 22263
200103270600 1880  7160 040023 1 1ATJZ       0 203  0 97 2010109    0 290       221      2 A 6AA             165 25781992114 5                     2F111111211111A1A1AAA      276    10                    4                                              366                                                              99 0 BBXX01032720010200 ATJZ 27063 99188 10716 41697 20200 10290 20221 40109 70200 8//// 22223
200103270600 3930   690 040073 1 1VVGG       02503 62 98 22101506  50 170       120      521 231             165 21496992114 5                     2F111111111111A1A1AA1      276    11                    4                                              366                                                              99 0 BBXX01032720010500 VVGG 27063 99393 10069 41298 52512 10170 20120 40150 56005 70221 82131 22273
200103271200 1310  6520 040063 1 1VTXK       03203 51 98 20100877 200 300       232      621 500             165 25635992114 5                     2F111111111111A1A1AA1      276    10                    4                                              366                                                              99 0 BBXX01032720011400 VTXK 27123 99131 10652 41598 63210 10300 20232 40087 57020 70200 82100 22263
200103271200 3950   660 040074 1 1VVGG       02703 77 98 20101554  00 220       150      11A 8A5             165 21496992114 5                     2F711111111111A1A1AA1      276    10                    4                                              366                                                              99 0 BBXX01032720010800 VVGG 27123 99395 10066 41898 12715 10220 20150 40155 54000 70200 81//5 22274
200103280000 1320  6260 040063 1 1VTXK       03603 51 98   101254  00 270       229      4 A AAA             165 25632992114 5                     1F11111111AA11A1A1AA1      276    2                     4                                              366                                                              99 0 BBXX01032720012100 VTXK 28003 99132 10626 42/98 43610 10270 20229 40125 54000 8//// 22263
200103281800 1330  5850 040063 1 1VTXK       03303 51 98   101217 100 270       229      2 A AAA             165 25538992114 5                     1F11111111AA11A1A1AA1      276    2                     4                                              366                                                              99 0 BBXX01032820012002 VTXK 28183 99133 10585 42/98 23310 10270 20229 40121 57010 8//// 22263
200103290000 1320  5700 040063 1 1VTXK       03303 51 98        7 20                     2 A AAA             165 25537992114 5                     1FF11FF111AAAAAAA1AA1      276    2                     4                                              366                                                              99 0 BBXX01032820012200 VTXK 29003 99132 10570 42/98 23310 57020 8//// 22263
200103290000 1320  5700 040063 1 1VTXK       03303 51 98   100987 200 250       207      2 A AAA             165 25537992114 5                     1F11111111AA11A1A1AA1      276    2                     4                                              366                                                              99 0 BBXX01032820012200 VTXK 29003 99132 10570 42/98 23310 10250 20207 40098 57020 8//// 22263
200103290000 1320  9700 040063 1 1VTXK       03303 51 98   100987 200 250       207      2 A AAA             165 25937992114 5                     2F11111111AA11A1A1AA1      276    2                     4                                              366                                                              99 0 BBXX01032820012200 VTXK 29003 99132 10970 42/98 23310 10250 20207 40098 57020 8//// 22263
200103290000 1550  7290 040033 1 1ATJW       01603 51 97 30100724  00 270       243      422 401             165 25752992114 5                     1F113111111111A1A1AA1      276    12                    4                                              366                                                              99 0 BBXX01032820012200 ATJW 29003 99155 10729 41497 41610 10270 20243 40072 54000 70302 82201 22233
200103290600 1330  5580 040063 1 1VTXK       03203 51 98 2010132    0 340       216      521 400             165 25535992114 5                     2F711121111119A9A1AAA      276    10                    4                                              366                                                              99 0 BBXX01032920010500 VTXK 29063 99133 10558 41498 53210 10340 20216 40132 70200 82100 22263
200103290600 1330  5580 040063 1 1VTXK       03203 51 98 20101324  00 340       216      521 400             165 25535992114 5                     2F711121111119A9A1AA1      276    10                    4                                              366                                                              99 0 BBXX01032920010500 VTXK 29063 99133 10558 41498 53210 10340 20216 40132 54000 70200 82100 22263
200103291800 3650  -210 040063 1 1VVGG       02203154   102102002 350 180       130      636 934             165 21362992114 5                     2F1151111A1111A1A1AA1      276    11                    4                                              366                                                              99 0 BBXX01032920011704 VVGG 29183 99365 70021 4196/ 62230 10180 20130 40200 52035 71021 83634 22263
200103291800 3650  -210 040063 1 1VVGG       02203154 96102102002 350 180       130      636 334             165 21362992114 5                     2F115111111111A1A1AA1      276    11                    4                                              366                                                              99 0 BBXX01032920011600 VVGG 29183 99365 70021 41396 62230 10180 20130 40200 52035 71021 83634 22263
200103300000 1030  7500 040033 1 1ATJW       01703 67 97 30100722  80 280       253      548 411             165 257 5992114 5                     1F115111111111A1A1AA1      276    12                    4                                              366                                                              99 0 BBXX01032920012300 ATJW 30003 99103 10750 41497 51713 10280 20253 40072 52008 70302 84811 22233
200103300000 1300  5180 040063 1 1VTXK       02203 51 97   101574  00 260       202      000 900             165 25531992114 5                     1F11111111AA11A1A1AA1      276    2                     4                                              366                                                              99 0 BBXX01032920012201 VTXK 30003 99130 10518 42997 02210 10260 20202 40157 54000 80000 22263
200103300000 3630  -390 040063 1 1VVGG       02503180 98 21102552 350 170                324 54A             165 21363992114 5                     1F1111F1111111AAA1AA1      276    10                    4                                              366                                                              99 0 BBXX01032920012300 VVGG 30003 99363 70039 41598 32535 10170 2/020 40255 52035 70210 8244/ 22263
200103300000 3630  -390 040063 1 1VVGG       02503180 98 21102552 350 170       120      324 54A             165 21363992114 5                     1F111111111111A1A1AA1      276    10                    4                                              366                                                              99 0 BBXX01032920012201 VVGG 30003 99363 70039 41598 32535 10170 20120 40255 52035 70210 8244/ 22263
200103300600  890  7560 040033 1 1ATJW       01603 67 97 30100752  80 300       274      548 411             165 29385992114 5                     2F115111111111A1A1AA1      276    12                    4                                              366                                                              99 0 BBXX01033020010400 ATJW 30063 99089 10756 41497 51613 10300 20274 40075 52008 70302 84811 22233
200103310000  570  7860 040033 1 1ATJW       02103 26 97 20100792  50 270       257      222 301             165 29358992114 5                     1F111111111111A1A1AA1      276    10                    4                                              366                                                              99 0 BBXX01033020012200 ATJW 31003 99057 10786 41397 22105 10270 20257 40079 52005 70200 82201 22233
200103310000 2420  6040 040023 1 1ATQO       0 903 26 97 20101084  00 270       210      221 426             165 22040992114 5                     1F111111111111A1A1AA1      276    10                    4                                              366                                                              99 0 BBXX01033020012306 ATQO 31003 99242 10604 41497 20905 10270 20210 40108 54000 70200 82126 22223
200103310600 1250  4480 040063 1 1VTXK       0 703  5 97 30101704  00 350       272      420 878             165 25424992114 5                     2F711111111119A9A1AA1      276    10                    4                                              366                                                              99 0 BBXX01033120010400 VTXK 31063 99125 10448 41897 40701 10350 20272 40170 54000 70300 82078 22263
200103311800 1390  4290 040073 1 1VTXK       02403 87 93   101307 100 270       243      99A AAA             165 25432992114 5                     1F15111111AA11A1A1AA1      276    2                     4                                              366                                                              99 0 BBXX01033120012000 VTXK 31183 99139 10429 42/93 92417 10270 20243 40130 57010 89/// 22273
200104010000  610  8310 040083 1 1ATJW       03613  0 97 10100842  20 260       233      100 901             165 29463992114 5                     1F111111111111A1A1AA1      276    10                    4                                              366                                                              99 0 BBXX01033120012200 ATJW 01003 99061 10831 41997 10000 10260 20233 40084 52002 70100 80001 22283
200104010000 1490  4200 040073 1 1VTXK       03203 67 98   101284  00 290       221      000 900             165 25442992114 5                     1F11111111AA11A1A1AA1      276    2                     4                                              366                                                              99 0 BBXX01033120012000 VTXK 01003 99149 10420 42998 03213 10290 20221 40128 54000 80000 22273
200104010000 2270  6650 040023 1 1ATQO       0 904 51 97 22101284  00 240       210      768 472             165 22026992114 5                     1F121111111111A1A1AA1      276    12                    4                                              366                                                              99 0 BBXX01033120012300 ATQO 01004 99227 10665 41497 70910 10240 20210 40128 54000 70222 86872 22223
200104010000 4480  -850 040014 1 1VVGG       01803 77 98192102504  00 150       110      886 2AA             165 17748992114 5                     1F111111111111A1A1AA1      276    12                    4                                              366                                                              99 0 BBXX01033120012000 VVGG 01003 99448 70085 41298 81815 10150 20110 40250 54000 71922 886// 22214
