200103311800 1390  4290 040073 1 1VTXK       02403 87 93   101307 100 270       243      99A AAA             165 25432992114 5                     1F15111111AA11A1A1AA1      276    2                     4                                              366                                                              99 0 BBXX01040120012000 VTXK 31183 99139 10429 42/93 92417 10270 20243 40130 57010 89/// 22273
200104010000 1490  4200 040073 1 1VTXK       03203 67 98   101284  00 290       221      000 900             165 25442992114 5                     1F11111111AA11A1A1AA1      276    2                     4                                              366                                                              99 0 BBXX01040120012000 VTXK 01003 99149 10420 42998 03213 10290 20221 40128 54000 80000 22273
200104010000 2270  6650 040023 1 1ATQO       0 904 51 97 22101284  00 240       210      768 472             165 22026992114 5                     1F121111111111A1A1AA1      276    12                    4                                              366                                                              99 0 BBXX01040120012300 ATQO 01004 99227 10665 41497 70910 10240 20210 40128 54000 70222 86872 22223
200104011200 4750  -610 040014 1 1VVGG       01503 51 95102102256 100 160       120      753 276             165 17776992114 5                     2F111111111111A1A1AA1      276    12                    4                                              366                                                              99 0 BBXX01040120010959 VVGG 01123 99475 70061 41295 71510 10160 20120 40225 56010 71022 85376 22214
200104011800 1840  3980 040073 1 1VTXK       0 403 57 97   101254  00 280       239      99A AAA             165 25389992114 5                     1F11111111AA11A1A1AA1      276    2                     4                                              366                                                              99 0 BBXX01040220012015 VTXK 01183 99184 10398 42/97 90411 10280 20239 40125 54000 89/// 22273
200104020000 1960  3900 040073 1 1VTXK       01603 67 98        4  00 300       232      000 900             165 25399992114 5                     1F111F1111AAA1A1A1AA1      276    2                     4                                              366                                                              99 0 BBXX01040120012100 VTXK 02003 99196 10390 42998 01613 10300 20232 54000 80000 22273
200104020600 2080  3830 040073 1 1VTXK       02603 77 97 00101404  00 280       239      000 900             165 217 8992114 5                     2F111111111111A1A1AA1      276    10                    4                                              366                                                              99 0 BBXX01040220010359 VTXK 02063 99208 10383 41997 02615 10280 20239 40140 54000 70000 80000 22273
200104021800 2310  3680 040073 1 1VTXK       02303 77 97 30101002 100 270       229      320 9A5             165 21736992114 5                     1F111111111111A1A1AA1      276    20                    4                                              366                                                              99 0 BBXX01040220011600 VTXK 02183 99231 10368 42997 32315 10270 20229 40100 52010 70300 820/5 22273
200104030000  480  9880 040072 1 1VWNS       03103 51 97256100632  40 250       222 1 270887 271             165 29548992114 5                     22211111111111A111AA1      276    19                    4                                              366                                                              99 0 BBXX01040220012200 VWNS 03003 99048 10988 41297 83110 10250 20222 40063 52004 72569 88771 22272 00270 2////
200104031200 2650  3480 040073 1 1VTXK       03503 77 96 22101024  00 260       218      322 510             165 21764992114 5                     2F111111114111A1A1AA1      276    12                    4                                              366                                                              99 0 BBXX01040320010859 VTXK 03123 99265 10348 41596 33515 10260 20218 40102 54000 70222 82210 22273
200104040000  760  9520 040073 1 1VWNS           3128 98 30100752  30 280       239 1 280232 342             165 29575992114 5                     211FF111711111A114AA1      276    10                    4                                              366                                                              99 0 BBXX01040320012300 VWNS 04003 99076 10952 41398 28025 10280 20239 40075 52003 70300 83242 22273 00280 2////
200104050000 1530  9260 040033 1 1VVKK       03613 51 98 0010084    3 300                431 58A             165 25952992114 5                     2F1111F1211111AAA1AAA      276     2                    1                                              366                                                              99 0 BBXX01040520010100 VVKK 05003 99153 10926 10598 40010 10300 20/// 40084 5//// 70002 8318/ 22233 00/// 2////
200104051200 1090  8950 040063 1 1VWNS       03603 26 98 30100756  90 300       261 1 280323 342             165 258 9992114 5                     21111111111111A111AA1      276    12                    4                                              366                                                              99 0 BBXX01040520010904 VWNS 05123 99109 10895 41398 33605 10300 20261 40075 56009 70302 82342 22263 00280 2////
200104051200 1340  9410 040033 1 1VVKK       03613 51 98 0010074    3 310                321 64A             165 25934992114 5                     1F1111F1211111AAA1AAA      276     2                    1                                              366                                                              99 0 BBXX01040520011200 VVKK 05123 99134 10941 10698 30010 10310 20/// 40074 5//// 70002 8214/ 22233 00/// 2////
200104060000 1120  9530 040033 1 1VVKK       03613 46 97 1010088    3 300                432 545             165 25915992114 5                     2F1111F1211111AAA1AAA      276     2                    1                                              366                                                              99 0 BBXX01040520012308 VVKK 06003 99112 10953 10597 40009 10300 20/// 40088 5//// 70102 83245 22233 00/// 2////
200104061200  910  9630 040033 1 1VVKK       03613 46 98   10074    3 310                421 54A             165 29596992114 5                     1F1111F121AA11AAA1AAA      276                          1                                              366                                                              99 0 BBXX01040620010959 VVKK 06123 99091 10963 10598 40009 10310 20/// 40074 5//// 7//// 8214/ 22233 00/// 2////
200104061200 1200  8480 040066 1 1VWNS       03613 26 97 30100806  40 310       257 1 290322 511             165 25824992114 5                     211FF111211111A111AA1      276    11                    4                                              366                                                              99 0 BBXX01040620010900 VWNS 06123 99120 10848 41597 30005 10310 20257 40080 56004 70301 82211 22266 00290 2////
200104070000  700  9750 040033 1 1VVKK           3    98 1010094    3 300                543 55A             165 29577992114 5                     2F1FF1F1A11111AAA1AAA      276     3                    1                                              366                                                              99 0 BBXX01040720010012 VVKK 07003 99070 10975 10598 5//// 10300 20/// 40094 70103 8435/ 22233 00///
200104080000  340 10030 040033 1 1VVKK       01503 82 97 3510079    3 290                744 69A             165 29630992114 5                     2F1131F1111111AAA1AAA      276     8                    1                                              366                                                              99 0 BBXX01040820012300 VVKK 08003 99034 11003 10697 71516 10290 20/// 40079 5//// 70358 8449/ 22233 00/// 2////
200104081200 3580  1720 040063 1 1VTXK       03103 87 98 22101107 250 190       153      622 610             165 21557992114 5                     2F111111111111A1A1AA1      276    12                    4                                              366                                                              99 0 BBXX01040820010900 VTXK 08123 99358 10172 41698 63117 10190 20153 40110 57025 70222 82210 22263
200104091200 1230  8370 040023 1 1VWNS       03603 26 98 30100811 200 310       242 1 290321 414             165 25823992114 5                     21111111111111A111AA1      276    10                    4                                              366                                                              99 0 BBXX01040920010922 VWNS 09123 99123 10837 41498 33605 10310 20242 40081 51020 70300 82114 22223 00290
200104091800 3740  1080 040063 1 1VTXK       02903175      102004  80 150                664 600             165 21570992114 5                     1F1111F11AAA11AAA1AA7      276    2                     4                                              366                                                              99 0 BBXX01040920011706 VTXK 09183 99374 10108 4269/ 62934 10150 40200 54008 86400 22263
200104091800 3740  1080 040063 1 1VTXK       02903175 97   102004  00 150       115      664 600             165 21570992114 5                     1F11111111AA11A1A1AA1      276    2                     4                                              366                                                              99 0 BBXX01040920011515 VTXK 09183 99374 10108 42697 62934 10150 20115 40200 54000 86400 22263
200104110000  690  8010 040013 1 1VVKK       03613 46 98 3010084    3 300                643 561             165 29460992114 5                     1F1111F1211111AAA1AAA      276     2                    1                                              366                                                              99 0 BBXX01041020012313 VVKK 11003 99069 10801 10598 60009 10300 20/// 40084 70302 84361 22213 00/// 2////
200104110000  690 10800 040013 1 1VVKK       03613 46 98 3010084    3 300                643 561             165 29668992114 5                     2F1111F1211111AAA1AAA      276     2                    1                                              366                                                              99 0 BBXX01041120012359 VVKK 11003 99069 11080 10598 60009 10300 20/// 40084 70302 84361 22213 00/// 2////
200104110000  690 10800 040013 1 1VVKK       03613 46 98 3010084    3 300                643 561             165 29668992114 5                     2F1111F1211111AAA1AAA      276    12                    4                                              366                                                              99 0 BBXX01041120010121 VVKK 11003 99069 11080 41598 60009 10300 20/// 40084 70302 84361 22213 00/// 2////
200104110000 1010  9070 040033 1 1VWNS       01103 10 97 22100944  00 310       257 1 270643 199             165 259 0992114 5                     21111111111111A111AA1      276    19                    4                                              366                                                              99 0 BBXX01041120012200 VWNS 11003 99101 10907 41197 61102 10310 20257 40094 54000 70229 84399 22233 00270 2////
200104110600 4050  -990 040044 1 1VVGG       0 103 62 97 21102806 300 140       100      326 32A             165 177 9992114 5                     1F111111111111A1A1AA1      276    11                    4                                              366                                                              99 0 BBXX01041120010427 VVGG 11063 99405 70099 41397 30112 10140 20100 40280 56030 70211 8262/ 22244
200104111200  880 10960 040013 1 1VVKK       03613 51 98 0010084    3 290                331 64A             165 29689992114 5                     1F1111F1211111AAA1AAA      276     2                    1                                              366                                                              99 0 BBXX01041120010859 VVKK 11123 99088 11096 10698 30010 10290 20/// 40084 5//// 70002 8314/ 22213 00/// 2////
200104111800 3660   -70 040063 1 1VTXK       01603 67 98   101984  00 180        92      220 940             165 21360992114 5                     2F11111111AA11A1A1AA1      276    2                     4                                              366                                                              99 0 BBXX01041120011500 VTXK 11183 99366 70007 42998 21613 10180 20092 40198 54000 82040 22263
200104111800 3660   -70 040063 1 1VTXK       01603 67 98   101984  03 100        92      220 940             165 21360992114 5                     2F41111111AA11A1A1AA1      276    2                     4                                              366                                                              99 0 BBXX01041120012017 VTXK 11183 99366 70007 42998 21613 1010/ 20092 40198 54000 82040 22263
200104120000  750  9530 040033 1 1VWNS       01303 10 98152101024  00 290       270 1 270747 271             165 29575992114 5                     21111111111111A111AA1      276    12                    4                                              366                                                              99 0 BBXX01041220010007 VWNS 12003 99075 10953 41298 71302 10290 20270 40102 54000 71522 84771 22233 00270 2////
200104120000 1080 11120 040013 1 1VVKK       0 203 87 98 1010104    3 290                432 53A             165 261 1992114 5                     2F1111F1111111AAA1AAA      276    12                    4                                              366                                                              99 0 BBXX01041220010007 VVKK 12003 99108 11112 41598 40217 10290 20/// 40104 5//// 70102 8323/ 22213 00/// 2////
200104120600 3600  -510 040024 1 1VVGG       03603 77 98 21102252 200 170       140      224 2AA             165 21365992114 5                     2F111111111111A1A1AA1      276    11                    4                                              366                                                              99 0 BBXX01041220010259 VVGG 12063 99360 70051 41298 23615 10170 20140 40225 52020 70211 824// 22224
200104121200  650  9740 040033 1 1VWNS       03613 26 97 30100101 600 310       271 1 290434 421             165 29567992114 5                     111FF611211111A111AA1      276    12                    4                                              366                                                              99 0 BBXX01041220010900 VWNS 12123 99065 10974 41497 40005 10310 20271 40010 51060 70302 83421 22233 00290 2////
200104130000 1430 11410 040013 1 1VVKK       0 203 92 97 1010124    3 290                432 56A             165 26144992114 5                     2F1111F1111111AAA1AAA      276    12                    4                                              366                                                              99 0 BBXX01041320012200 VVKK 13003 99143 11141 41597 40218 10290 20/// 40124 70102 8326/ 22213 00/// 2////
200104130600 3710   370 040024 1 1VVGG       0 803 41 98 22102452  50 150       110      424 224             165 21473992114 5                     2F111111111111A1A1AA1      276    11                    4                                              366                                                              99 0 BBXX01041320010405 VVGG 13063 99371 10037 41298 40808 10150 20110 40245 52005 70221 82424 22224
200104140000 1770 11720 040013 1 1VVKK       0 203 87 97 1010144    0 300                432 54A             165 26177992114 5                     2F1111F1111111AAA1AAA      276     1                    1                                              366                                                              99 0 BBXX01041320012203 VVKK 14003 99177 11172 10597 40217 10300 40144 70101 8324/ 22213
200104140600 3670  1260 040034 1 1VVGG       02903 51 98 22101852 100 155       145      641 242             165 21562992114 5                     2F111111111111A1A1AA1      276    12                    4                                              366                                                              99 0 BBXX01041420010315 VVGG 14063 99367 10126 41298 62910 10155 20145 40185 52010 70222 84142 22234
200104141200 3620  1480 040034 1 1VVGG       02703103 98 21101606 100 220       170      339 645             165 21564992114 5                     2F311111111111A1A1AA1      276    10                    4                                              366                                                              99 0 BBXX01041420011209 VVGG 14123 99362 10148 41698 32720 10220 20170 40160 56010 70210 83945 22234
200104150000 2110 12060 040013 1 1VVKK       0 203 92 97 3610154    0 270                755 69A             165 22610992114 5                     2F1111F1111111AAA1AAA      276     2                    1                                              366                                                              99 0 BBXX01041520012059 VVKK 15003 99211 11206 10697 70218 10270 40154 70362 8559/ 22213
200104150000 3510  1910 040034 1 1VVGG       02703 82 98 21101656 100 180       150      338 5AA             165 21559992114 5                     1F111111111111A1A1AA1      276    10                    4                                              366                                                              99 0 BBXX01041520012200 VVGG 15003 99351 10191 41598 32716 10180 20150 40165 56010 70210 838// 22234
200104150000-1080 13730 040063 1 1VVJV       01203103 96626101002 200 270       250      867 120             165 371 7992114 5                     2F111111111111A1A1AA1      276    12                    4                                              366                                                              99 0 BBXX01041520012059 VVJV 15003 99108 31373 41196 81220 10270 20250 40100 52020 76262 86720 22263
200104150600 2460  5880 040073 1 1VTXF       0 904 77 98 00101462 200 280       239      231 500             165 21948992114 5                     2F121111111111A1A4AA1      276    11                    4                                              366                                                              99 0 BBXX01041520010409 VTXF 15064 99246 10588 41598 20915 10280 20239 40146 52020 70001 83100 22273
200104150600 3460  2120 040034 1 1VVGG       02403 36 98 22101702  50 180       160      531 232             165 21641992114 5                     2F111111111111A1A1AA1      276    11                    4                                              366                                                              99 0 BBXX01041520010409 VVGG 15063 99346 10212 41298 52407 10180 20160 40170 52005 70221 83132 22234
200104160000 1920  8570 040053 1 1ATJW       02103 21 97 20100962  20 300       274      411 311             165 25895992114 5                     1F111111111111A1A1AA1      276    30                    4                                              366                                                              99 0 BBXX01041620010011 ATJW 16003 99192 10857 43397 42104 10300 20274 40096 52002 70200 81111 22253
200104160000 2480 12410 040013 1 1VVKK       0 403 77 96 3210144    0 270                866 599             165 22644992114 5                     2F1111F1114111AAA1AAA      276     2                    1                                              366                                                              99 0 BBXX01041520012204 VVKK 16003 99248 11241 10596 80415 10270 40144 70322 86699 22213
200104161200 2410  6010 040033 1 1ATJZ       03613  0 97 2010076    0 300       216      0 A 7AA             165 22040992114 5                     2F111111111111A1A1AAA      276    10                    4                                              366                                                              99 0 BBXX01041620010908 ATJZ 16123 99241 10601 41797 00000 10300 20216 40076 5//// 70200 8//// 22233
200104170000 -890 12930 040073 1 1VVJV       01503154 96626100622 180 270       253      867 110             165 33489992114 5                     2F117111111111A1A1AA1      276    12                    4                                              366                                                              99 0 BBXX01041620012105 VVJV 17003 99089 31293 41196 81530 10270 20253 40062 52018 76262 86710 22273
200104170000 2270  6310 040033 1 1ATJZ       03613  0 97 20100771  40 250       207      2 A AAA             165 22023992114 5                     1F111111111111A1A1AA1      276    10                    4                                              366                                                              99 0 BBXX01041720012359 ATJZ 17003 99227 10631 41/97 20000 10250 20207 40077 51004 70200 8//// 22233
200104170300 -870 12870 040073 1 1VVJV       01403128 97 15100604  20 300       267      642 339             165 33488992114 5                     2F115111111111A1A1AA7      276    12                    4                                              366                                                              99 0 BBXX01041720012359 VVJV 17033 99087 31287 41397 61425 10300 20267 40060 54002 70152 84239 22273
200104190600 1970  3890 040034 1 1VVGG       03403 26 97 21101202 450 290       260      9   A               165 25398992114 5                     2F111111111111A1A4AA1      276    11                    4                                              366                                                              99 0 BBXX01041920010559 VVGG 19063 99197 10389 41/97 93405 10290 20260 40120 52045 70211 22234
200104200600 2620  5550 040013 1 1VTXF       01804 26 98 31101162 190 260       207      341 511             165 21965992114 5                     2F111111111111A1A4AA1      276    11                    4                                              366                                                              99 0 BBXX01042020010300 VTXF 20064 99262 10555 41598 31805 10260 20207 40116 52019 70311 84111 22213
200104211200-3010 13540 040043 1 1VVKK       0 203 98 9563610006    0 140                878 378             165 443 5992114 5                     1FDDDDF7111111AAA1AAA  1   276    16                    4                                              366                                                              99 0 BBXX01042120011059 VVKK 21123 99301 31354 41395 80219 10140 40006 76366 87878 22243
200104220000 2000  8690 040014 1 1ATJW       02503 51 97   100534  00 280       267      500 701             165 222 6992114 5                     1F11111111AA11A1A1AA1      276    2                     4                                              366                                                              99 0 BBXX01042120012306 ATJW 22003 99200 10869 42797 52510 10280 20267 40053 54000 7//// 80001 22214
200104220600 1490  5460 040024 1 1VVGG       0 703 26 98 22101302 250 320       280      632 242             165 25544992114 5                     2F111111111111A1A1AA1      276    12                    4                                              366                                                              99 0 BBXX01042220010303 VVGG 22063 99149 10546 41298 60705 10320 20280 40130 52025 70222 83242 22224
200104230000-2530 13850 040043 1 1VVKK       0 303103 96 5010156    0 220                443 532             165 40758992114 5                     2FDDDDF7111111AAA1AAA  1   276    14                    4                                              366                                                              99 0 BBXX01042220012204 VVKK 23003 99253 31385 41596 40320 10220 40156 70504 84332 22243
200104250000  870  9400 040073 1 1VWNS       03003 15 97132100686  40 295       247 1 280742 22A             165 29584992114 5                     21111111111111A111AA1      276    12                    4                                              366                                                              99 0 BBXX01042420012304 VWNS 25003 99087 10940 41297 73003 10295 20247 40068 56004 71322 8422/ 22273 00280 2////
200104260000 1090 14280 040043 1 1VVKK       0 903 77 98 0010092    0 305                331 64A             165 264 2992114 5                     2F1111F1111111AAA1AAA      276    12                    4                                              366                                                              99 0 BBXX01042620012100 VVKK 26003 99109 11428 41698 30915 10305 40092 70002 8314/ 22243
200104260000 1150  9040 040073 1 1VWNS       03103 15 97152100706  20 295       247 1 280753 122             165 25910992114 5                     21111111111111A111AA1      276    12                    4                                              366                                                              99 0 BBXX01042620012300 VWNS 26003 99115 10904 41197 73103 10295 20247 40070 56002 71522 85322 22273 00280 2////
200104261200 1490  8630 0400   1 1VTXG       03613  0 98 21100795  50 300       267      4   6               165 25846992114 5                     2F111111111111A1A1AA1      276    11                    4                                              366                                                              99 0 BBXX01042620011000 VTXG 26123 99149 10863 41698 40000 10300 20267 40079 55005 70211
200104261200 1490  8630 040043 1 1VTXG       03613  0 98 21100795  50 300       267 1 350433 601             165 25846992114 5                     27111111111111A161AA1      276    11                    4                                              366                                                              99 0 BBXX01042620011003 VTXG 26123 99149 10863 41698 40000 10300 20267 40079 55005 70211 83301 22243 00350 NNNN
200104270600 2020  6820 040073 1 1ATJZ       03003 36 97 2010084    0 326       254      2 A 6AA             165 220 8992114 5                     2F311111111111A1A1AAA      276    10                    4                                              366                                                              99 0 BBXX01042720010702 ATJZ 27063 99202 10682 41697 23007 10326 20254 40084 70200 8//// 22273
200104271200 1010  8470 0400   1 1VTXG       01803 51 98152100606 100 300       267      7   3               165 258 4992114 5                     2F111111111111A1A1AA1      276    15                    4                                              366                                                              99 0 BBXX01042720011059 VTXG 27123 99101 10847 41398 71810 10300 20267 40060 56010 71525
200104271200 1010  8470 040043 1 1VTXG       01803 51 98152100606 100 300       267 1 310753 371             165 258 4992114 5                     21111111111111A111AA1      276    15                    4                                              366                                                              99 0 BBXX01042720011103 VTXG 27123 99101 10847 41398 71810 10300 20267 40060 56010 71525 85371 22243 00310 NNNN
200104271800  880  8430 0400   1 1VTXG       01403 51 97 22100890 100 280       239      7   3               165 29484992114 5                     1F111111111111A1A1AA1      276    12                    4                                              366                                                              99 0 BBXX01042720011459 VTXG 27183 99088 10843 41397 71410 10280 20239 40089 50010 70222
200104271800  880  8430 040043 1 1VTXG       01403 51 97 22100890 100 280       239 1 32077A 3AA             165 29484992114 5                     11111111111111A111AA1      276    12                    4                                              366                                                              99 0 BBXX01042720011516 VTXG 27183 99088 10843 41397 71410 10280 20239 40089 50010 70222 87/// 22243 00320 NNNN
200104280000  270 14750 040043 1 1VVKK       01003 72 97 4010085    0 270                554 453             165 30027992114 5                     2F1111F1111111AAA1AAA      276    13                    4                                              366                                                              99 0 BBXX01042720012303 VVKK 28003 99027 11475 41497 51014 10270 40085 70403 85453 22243
200104280000  760  8400 0400   1 1VTXG       01603 51 98 32100855  50 270       236      8   3               165 29474992114 5                     1F111111111111A1A1AA1      276    12                    4                                              366                                                              99 0 BBXX01042820012314 VTXG 28003 99076 10840 41398 81610 10270 20236 40085 55005 70322
200104280000  760  8400 040043 1 1VTXG       01603 51 98 32100855  50 270       236 1 300863 32A             165 29474992114 5                     11111111111111A111AA1      276    12                    4                                              366                                                              99 0 BBXX01042820010009 VTXG 28003 99076 10840 41398 81610 10270 20236 40085 55005 70322 8632/ 22243 00300 NNNN
200104280600 2280  6270 040073 1 1ATJZ       02903 87 96 3110069    0 300       246      4 A 6AA             165 22022992114 5                     2F111111114111A1A1AAA      276    11                    4                                              366                                                              99 0 BBXX01042820010315 ATJZ 28063 99228 10627 41696 42917 10300 20246 40069 70311 8//// 22273
200104290000   80 15110 040043 1 1VVKK       01003 82 96 4010091    0 285                545 363             165 301 1992114 5                     2F1111F1111111AAA1AAA      276    14                    4                                              366                                                              99 0 BBXX01042920012159 VVKK 29003 99008 11511 41396 51016 10285 40091 70404 84563 22243
200104290000  430  8020 0400   1 1VTXG       01403 51 98 32100903  50 280       253      8   4               165 29440992114 5                     1F111111111111A1A1AA1      276    12                    4                                              366                                                              99 0 BBXX01042920010200 VTXG 29003 99043 10802 41498 81410 10280 20253 40090 53005 70322
200104290000  430  8020 040063 1 1VTXG       01403 51 98 32100903  50 280       253 1 300852 43A             165 29440992114 5                     11111111111111A111AA1      276    12                    4                                              366                                                              99 0 BBXX01042920010106 VTXG 29003 99043 10802 41498 81410 10280 20253 40090 53005 70322 8523/ 22263 00300 NNNN
200104300000  460 15390 040043 1 1VVKK       03613 31 97 2010088    0 290                434 533             165 30143992114 5                     2F1FF1F1211111AAA1AAA      276    13                    4                                              366                                                              99 0 BBXX01042920012105 VVKK 30003 99046 11539 41597 40006 10290 40088 70203 83433 22243
200104300000  680  7530 0400   1 1VTXG       02603103 97976100904  00 290       283      8   3               165 29365992114 5                     1F131131111111A1A1AA1      276    12                    4                                              366                                                              99 0 BBXX01043020012100 VTXG 30003 99068 10753 41397 82620 10290 20283 40090 54000 79762
200104300000  680  7530 040073 1 1VTXG       02603103 97976100904  00 290       283 1 305877 32A             165 29365992114 5                     11131131111111A111AA1      276    12                    4                                              366                                                              99 0 BBXX01043020012159 VTXG 30003 99068 10753 41397 82620 10290 20283 40090 54000 79762 8772/ 22273 00305
200104301200  800  7300 040073 1 1VTXG       02703 87 96646100906  50 300       300 1 315876 27A             165 29383992114 5                     21131131111111A111AA1      276    12                    4                                              366                                                              99 0 BBXX01043020011003 VTXG 30123 99080 10730 41296 82717 10300 20300 40090 56005 76462 8767/ 22273 00315 NNNN
200105010000  870  7040 040073 1 1VTXG       03303 51 97 22100994  00 280       267 1 310866 54A             165 29380992114 5                     11111111111111A111AA1      276    12                    4                                              366                                                              99 0 BBXX01043020012203 VTXG 01003 99087 10704 41597 83310 10280 20267 40099 54000 70222 8664/ 22273 00310 NNNN
200105010000  980 15450 040043 1 1VVKK       01403 51 96 4010100    0 230                545 365             165 30194992114 5                     2F6111F1111111AAA1AAA      276    13                    4                                              366                                                              99 0 BBXX01043020012303 VVKK 01003 99098 11545 41396 51410 10230 40100 70403 84565 22243
