200106010000 1220  9000 040033 1 1VWNS       01703 10 97 31100172  90 295       256 1 275542 211             165 25920992114 5                     21111111111111A111AA1      276    11                    4                                              366                                                              99 0 BBXX01060120010142 VWNS 01003 99122 10900 41297 51702 10295 20256 40017 52009 70311 84211 22233 00275 2////
200106010000 1350  5250 040063 1 1VTXG       02303144 96 22100704  00 270       243 1 27077A AAA             165 25532992114 5                     11111111114111A111AA1      276    12                    4                                              366                                                              99 0 BBXX01060120010121 VTXG 01003 99135 10525 41/96 72328 10270 20243 40070 54000 70222 87/// 22263 00270
200106010600 1340  9320 040043 1 1ATIU       02503 62 97 10100386  50 330       305      662 231             165 25933992114 5                     2F511111111111A1A1AA1      276    10                    4                                              366                                                              99 0 BBXX01060120010542 ATIU 01063 99134 10932 41297 62512 10330 20305 40038 56005 70100 86231 22243
200106011200 3720  1080 040034 1 1VVGG       02603 51 95102101406 150 290       220      534 222             165 21570992114 5                     2F311111111111A1A1AA1      276    12                    4                                              366                                                              99 0 BBXX01060120011742 VVGG 01123 99372 10108 41295 52610 10290 20220 40140 56015 71022 83422 22234
200106011800 1230  4440 040023 1 1VTXG       03503 51 97 20100262  50 320       281 1 320000 900             165 25424992114 5                     11111111111111A111AA1      276    10                    4                                              366                                                              99 0 BBXX01060120011742 VTXG 01183 99123 10444 41997 03510 10320 20281 40026 52005 70200 80000 22223 00320 NNNN NNNNN
200106020600 1250  4720 040023 1 1VTXG       01303 51 97 20100561 100 360       323 1 325000 900             165 25427992114 5                     21511111111111A111AA1      276    10                    4                                              366                                                              99 0 BBXX01060220010541 VTXG 02063 99125 10472 41997 01310 10360 20323 40056 51010 70200 80000 22223 00325 NNNN NNNNNNNN
200106021800 1280  5000 040023 1 1VTXG       03613  0 97 20100464  00 320       281 1 335000 900             165 25520992114 5                     15111111111111A111AA1      276    10                    4                                              366                                                              99 0 BBXX01060420011347 VTXG 02183 99128 10500 41997 00000 10320 20281 40046 54000 70200 80000 22223 00335 NNNN NNNNN
200106030000  600  9780 040033 1 1VWNS       01203123 94976100813  40 260       226 1 275886 1AA             165 29567992114 5                     21161111111111A111AA1      276    19                    4                                              366                                                              99 0 BBXX01060420011347 VWNS 03003 99060 10978 41194 81224 10260 20226 40081 53004 79769 886// 22233 00275 2////
200106030000 3420  2290 040034 1 1VVGG       02203 51 97 11101656  50 220       190          A               165 21642992114 5                     1F111111111111A1A8AA1      276    11                    4                                              366                                                              99 0 BBXX01060420011347 VVGG 03003 99342 10229 41/97 /2210 10220 20190 40165 56005 70111 22234
200106031200  440  9950 040032 1 1VWNS       03303 51 97 23100894  00 300       224      663 622             165 29549992114 5                     1F111111111111A1A1AA1      276    13                    4                                              366                                                              99 0 BBXX01060420011345 VWNS 03123 99044 10995 41697 63310 10300 20224 40089 54000 70233 86322 22232 00/// 2////
200106031200 3330  2620 040034 1 1VVGG       02703 51 97 11101556  50 270       190      31A 421             165 21636992114 5                     2F111111111111A1A1AA1      276    11                    4                                              366                                                              99 0 BBXX01060420011345 VVGG 03123 99333 10262 41497 32710 10270 20190 40155 56005 70111 81/21 22234
200106031800 1340  5480 040023 1 1VTXG       01903 77 97 20100665 100 300       274 1 305000 900             165 25534992114 5                     11111111111111A111AA1      276    10                    4                                              366                                                              99 0 BBXX01060420011347 VTXG 03183 99134 10548 41997 01915 10300 20274 40066 55010 70200 80000 22223 00305 NNNN
200106040600 1370  5760 040023 1 1VTXG       02203128 97 31100861  50 300       274 1 295562 680             165 25537992114 5                     21111111111111A114AA1      276    11                    4                                              366                                                              99 0 BBXX01060420011347 VTXG 04063 99137 10576 41697 52225 10300 20274 40086 51005 70311 86280 22223 00295 NNNN NNNNN
200106041800 2190  6740 040063 1 1VTXK       02203128 97 22100204  00 290       264      775 545             165 22017992114 5                     1F111111111111A1A1AA1      276    12                    4                                              366                                                              99 0 BBXX01060420011605 VTXK 04183 99219 10674 41597 72225 10290 20264 40020 54000 70222 87545 22263
200106051800 2000  6290 040063 1 1VTXK       02203139 97 22100004  00 290       250      665 56A             165 220 2992114 5                     1F111111111111A1A1AA1      276    12                    4                                              366                                                              99 0 BBXX01060520011741 VTXK 05183 99200 10629 41597 62227 10290 20250 40000 54000 70222 8656/ 22263
200106060000 1980  6170 040063 1 1VTXK       02203139 97   100104  00 290       264      8 A AAA             165 25691992114 5                     1F11111111AA11A1A1AA1      276    2                     4                                              366                                                              99 0 BBXX01060620010142 VTXK 06003 99198 10617 42/97 82227 10290 20264 40010 54000 8//// 22263
200106060600 1480  6830 040023 1 1VTXG       02703103 97 22100662  50 310       284 1 305767 52A             165 25648992114 5                     21111111111111A111AA1      276    12                    4                                              366                                                              99 0 BBXX01060620010541 VTXG 06063 99148 10683 41597 72720 10310 20284 40066 52005 70222 8672/ 22223 00305
200106061800 1830  5980 040043 1 1VTXK       01903154 97 22100202 100 290       264      655 46A             165 25589992114 5                     1F113111111111A1A1AA1      276    12                    4                                              366                                                              99 0 BBXX01060620011742 VTXK 06183 99183 10598 41497 61930 10290 20264 40020 52010 70222 8556/ 22243
200106070000 2160  3770 040034 1 1VVGG       03303 31 96102100356 150 260       220      421 A21             165 21717992114 5                     1F111111111111A1A1AA1      276    11                    4                                              366                                                              99 0 BBXX01060720010541 VVGG 07003 99216 10377 41/96 43306 10260 20220 40035 56015 71021 82121 22234
200106070600 2480  3560 040034 1 1VVGG       03103 77 96100100606  50 290       250      210 514             165 21745992114 5                     2F111111111111A1A1AA1      276    10                    4                                              366                                                              99 0 BBXX01060720010542 VVGG 07063 99248 10356 41596 23115 10290 20250 40060 56005 71000 81014 22234
200106080000 1600  4130 040034 1 1VVGG       01803 51 96102100306 200 290       230      521 332             165 25461992114 5                     1F111111111111A1A1AA1      276    12                    4                                              366                                                              99 0 BBXX01060920010849 VVGG 08003 99160 10413 41396 51810 10290 20230 40030 56020 71022 82132 22234
200106081200 1340  4300 040044 1 1VVGG       01703 51 97 11100106 350 340       270      411 321             165 25433992114 5                     2F111111111111A1A1AA1      276    11                    4                                              366                                                              99 0 BBXX01060920010849 VVGG 08123 99134 10430 41397 41710 10340 20270 40010 56035 70111 81121 22244
200106090600 1290 10960 040083 1 1VVGQ       02003 46 98 00100406  10 350       243      4   9               165 26029992114 5                     2F711141111111A1A1AA1      276    10                    4                                              366                                                              99 0 BBXX01060920010848 VVGQ 09063 99129 11096 41998 42009 10350 20243 40040 56001 70000 22283
200106090600 1310  4740 040024 1 1VVGG       03603 77 96101100406 100 350       280      300 541             165 25437992114 5                     2F312111111111A1A1AA1      276    10                    4                                              366                                                              99 0 BBXX01060920010848 VVGG 09063 99131 10474 41596 33615 10350 20280 40040 56010 71010 80041 22224
200106091200 1360  4900 040024 1 1VVGG       02403 77 96101100006 300 340       270      311 421             165 25439992114 5                     2F111111111111A1A1AA1      276    11                    4                                              366                                                              99 0 BBXX01061120011426 VVGG 09123 99136 10490 41496 32415 10340 20270 40000 56030 71011 81121 22224
200106100000 1700 10910 040083 1 1VVGQ       01803154 98 20100314  00 400       260      422 8AA             165 26079992114 5                     2F715161111119A9A1AA1      276    10                    4                                              366                                                              99 0 BBXX01061120011427 VVGQ 10003 99170 11091 41898 41830 10400 20260 40031 54000 70200 822// 22283
200106100000 1910  8970 040033 1 1VVKK       0 303  0 98 3210095                         153 581             165 25899992114 5                     2FF111F121111AAAA4AAA      276     2                    1                                              366                                                              99 0 BBXX01061120011427 VVKK 10003 99191 10897 10598 10300 20/// 40095 70322 85381 22233 00/// 2////
200106100600 1480  5410 040024 1 1VVGG       01803128 95101100504  00 300       230      400 554             165 25544992114 5                     2F111111111111A1A1AA1      276    10                    4                                              366                                                              99 0 BBXX01061120011423 VVGG 10063 99148 10541 41595 41825 10300 20230 40050 54000 71010 80054 22224
200106100600 1790 10790 040063 1 1VVGQ       02203 62 98 00100304  00 350       243      5 A 9AA             165 26077992114 5                     2F511121111111A1A1AA1      276    10                    4                                              366                                                              99 0 BBXX01061120011423 VVGQ 10063 99179 11079 41998 52212 10350 20243 40030 54000 70000 8//// 22263
200106101200 1520  5590 040024 1 1VVGG       02003 77 96102100206 150 330       250      531 321             165 25555992114 5                     2F311121111111A1A1AA1      276    12                    4                                              366                                                              99 0 BBXX01061120011424 VVGG 10123 99152 10559 41396 52015 10330 20250 40020 56015 71022 83121 22224
200106110000 1510  9290 040033 1 1VVKK       02203 82 98 3210099    3 310                643 579             165 25952992114 5                     2F1111F1111111AAA1AAA      276     2                    1                                              366                                                              99 0 BBXX01061120011427 VVKK 11003 99151 10929 10598 62216 10310 20/// 40099 5//// 70322 84379 22233 00/// 2////
200106110600  900  9290 040033 1 1ATIU       02403 62 97162100646 680 320       307      882 123             165 29592992114 5                     2F511111111111A6A1AA1      276    15                    4                                              366                                                              99 0 BBXX01061120011425 ATIU 11063 99090 10929 41197 82412 10320 20307 40064 56068 71625 88223 22233
200106110600 1630  6040 040024 1 1VVGG       01803103 95102100456  50 295       245      865 370             165 25660992114 5                     2F111111111111A1A1AA1      276    12                    4                                              366                                                              99 0 BBXX01061120011426 VVGG 11063 99163 10604 41395 81820 10295 20245 40045 56005 71022 86570 22224
200106120000 1090  9530 040033 1 1VVKK       02103 77 96 3210082    3 300                875 692             165 259 5992114 5                     2F1111F1114111AAA1AAA      276     5                    1                                              366                                                              99 0 BBXX01061220010141 VVKK 12003 99109 10953 10696 82115 10300 20/// 40082 70325 87592 22233 00///
200106120600 1780  6690 040024 1 1VVGG       02103103 95102100356 150 335       245      865 370             165 25676992114 5                     2F511141111111A1A1AA1      276    12                    4                                              366                                                              99 0 BBXX01061220011322 VVGG 12063 99178 10669 41395 82120 10335 20245 40035 56015 71022 86570 22224
200106120600 1800  8690 040042 1 1VWXG       02603195 96 21 99586  20 250       207      740 301             165 25886992114 5                     2F471111114111A1A1AA1      276    16                    4                                              366                                                              99 0 BBXX01061220010542 VWXG 12063 99180 10869 41396 72638 10250 20207 49958 56002 70216 84001 22242
200106121800  830  7630 040033 1 1VTXG       02103103 98 22100902 100 270       243 1 315888 3AA             165 29386992114 5                     13113111111111A111AA1      276    12                    4                                              366                                                              99 0 BBXX01061220011721 VTXG 12183 99083 10763 41398 82120 10270 20243 40090 52010 70222 888// 22233 00315
200106130000  720  7710 040033 1 1VTXG       02003 77 97 22100666  50 270       243 1 285888 4AA             165 29377992114 5                     11111111111111A111AA1      276    12                    4                                              366                                                              99 0 BBXX01061320010122 VTXG 13003 99072 10771 41497 82015 10270 20243 40066 56005 70222 888// 22233 00285
200106130000  720  7710 040033 1 1VTXG       02003 77 97 22100666  50 270       243 1 285888 4AA  38 3       165 29377992114 5                     11111111111111A1113A1      276    12                    4                                              366                                                              99 0 BBXX01061320010122 VTXG 13003 99072 10771 41497 82015 10270 20243 40066 56005 70222 888// 22233 00285 NNNN 23803 VTXG XNNNN NNNN
200106131800  460  7950 040033 1 1VTXG       02003 62 97 22100902 100 280       253 1 310315 6AA             165 29349992114 5                     13111111111111A111AA1      276    12                    4                                              366                                                              99 0 BBXX01061320011722 VTXG 13183 99046 10795 41697 32012 10280 20253 40090 52010 70222 815// 22233 00310
200106140000  720  9620 040073 1 1VWNS       03003 62 98 22100873  00 290       250 1 280758 22A             165 29576992114 5                     21111111111111A111AA7      276    12                    4                                              366                                                              99 0 BBXX01061420010123 VWNS 14003 99072 10962 41298 73012 10290 20250 40087 53000 70222 8582/ 22273 00280
200106141200  610  8350 040013 1 1VTXG       02303103 98 20100725  40 310       271 1 310220 641             165 29463992114 5                     21111111111111A111AA1      276    10                    4                                              366                                                              99 0 BBXX01061420011323 VTXG 14123 99061 10835 41698 22320 10310 20271 40072 55004 70200 82041 22213 00310 NNNN
200106141800  740  8390 040013 1 1VTXG       02203128 97 32100755  00 290       264 1 30064A 5AA             165 29473992114 5                     11111111111111A111AA1      276    12                    4                                              366                                                              99 0 BBXX01061420011723 VTXG 14183 99074 10839 41597 62225 10290 20264 40075 55000 70322 84/// 22213 00300 NNNN BRK
200106151200 1120  8510 040013 1 1VTXG       02203154 97 20100476  40 310       271 1 310423 521             165 25815992114 5                     21111111111111A111AA1      276    10                    4                                              366                                                              99 0 BBXX01061520011721 VTXG 15123 99112 10851 41597 42230 10310 20271 40047 56004 70200 82321 22213 00310 NNNN
200106160600 1720  7280 040033 1 1VVGG       02303154 95102100802  50 300       240      876 320             165 25772992114 5                     2F113111111111A1A1AA1      276    12                    4                                              366                                                              99 0 BBXX01061620010521 VVGG 16063 99172 10728 41395 82330 10300 20240 40080 52005 71022 87620 22233
200106161200 1600  9150 040073 1 1ATIU       02403128 96 30 99956 710 310       284      817 099             165 25961992114 5                     2F111111114111A1A1AA1      276    12                    4                                              366                                                              99 0 BBXX01061620011322 ATIU 16123 99160 10915 41096 82425 10310 20284 49995 56071 70302 81799 333 22273
200106161800 1730  8700 040013 1 1VTXG       02403206 97 12 99958  10 305       272 1 310866 530             165 25877992114 5                     11151111111111A111AA1      276    12                    4                                              366                                                              99 0 BBXX01061620011721 VTXG 16183 99173 10870 41597 82440 10305 20272 49995 58001 70122 86630 22213 00310
200106161800 1730  8700 040013 1 1VTXG       02403206 97 12 99958  10 305       272 1 310866 530  38 3       165 25877992114 5                     11151111111111A1113A1      276    12                    4                                              366                                                              99 0 BBXX01061620011721 VTXG 16183 99173 10870 41597 82440 10305 20272 49995 58001 70122 86630 22213 00310 NNNN 23803 VTXG X BRK
200106161800 3320  2650 040073 1 1VTXK       02703 62 97 22101404  00 240       197      444 7AA             165 21636992114 5                     1F111111111111A1A1AA1      276    12                    4                                              366                                                              99 0 BBXX01061620012121 VTXK 16183 99332 10265 41797 42712 10240 20197 40140 54000 70222 844// 333 22273
200106170000 1820  9000 040073 1 1ATIU       02403118 96 32 99756 200 310       284      837 025             165 25980992114 5                     2F111111114111A1A1AA1      276    12                    4                                              366                                                              99 0 BBXX01061720010121 ATIU 17003 99182 10900 41096 82423 10310 20284 49975 56020 70322 83725 22273
200106170600 1130  7520 040034 1 1VVGG       02503 77 97 12101256  50 285       225      842 315             165 25715992114 5                     2F111111111111A1A1AA1      276    12                    4                                              366                                                              99 0 BBXX01061720010921 VVGG 17063 99113 10752 41397 82515 10285 20225 40125 56005 70122 84215 22234
200106170600 1990  8780 040013 1 1VTXG       02303180 97 22 99908 150 330       291 1 300886 539             165 25897992114 5                     21131111111111A111AA1      276    12                    4                                              366                                                              99 0 BBXX01061720010521 VTXG 17063 99199 10878 41597 82335 10330 20291 49990 58015 70222 88639 22213 00300
200106170600 1990  8780 040013 1 1VTXG       02303180 97 22 99908 150 330       291 1 300886 539  38 3       165 25897992114 5                     21131111111111A1113A1      276    12                    4                                              366                                                              99 0 BBXX01061720010521 VTXG 17063 99199 10878 41597 82335 10330 20291 49990 58015 70222 88639 22213 00300 NNNN BRK 23803 VTXG X BRK
200106170600 3400  2320 040073 1 1VTXK       03103 62 97 22101804  00 230       202      444 7AA             165 21643992114 5                     2F111111111111A1A1AA1      276    12                    4                                              366                                                              99 0 BBXX01061720010521 VTXK 17063 99340 10232 41797 43112 10230 20202 40180 54000 70222 844// 22273
200106200600 1790 10930 040023 1 1VVGQ       02103 77 98 00 99756  50 330       259      4   9               165 26079992114 5                     2F311211111111A1A1AA1      276    10                    4                                              366                                                              99 0 BBXX01062020010520 VVGQ 20063 99179 11093 41998 42115 10330 20259 49975 56005 70000 22223
200106201200 1810  8730 040043 1 1VTXG       02403154 97 22100045  50 310       271 1 305888 4AA             165 25887992114 5                     21131111111111A111AA1      276    12                    4                                              366                                                              99 0 BBXX01062020011320 VTXG 20123 99181 10873 41497 82430 10310 20271 40004 55005 70222 888// 22243 00305 NNNN NNNNNN
200106201800 1720  8700 040043 1 1VTXG       02403154 97 21 99951 150 300       261 1 305424 531             165 25877992114 5                     11111111111111A111AA1      276    11                    4                                              366                                                              99 0 BBXX01062020011721 VTXG 20183 99172 10870 41597 42430 10300 20261 49995 51015 70211 82431 22243 00305
200106210000 1600  8680 040043 1 1VTXG       02403144 97 22100342  70 300       274 1 305887 4AA             165 25866992114 5                     21111111111111A111AA1      276    12                    4                                              366                                                              99 0 BBXX01062120010120 VTXG 21003 99160 10868 41497 82428 10300 20274 40034 52007 70222 887// 22243 00305
200106210000 1970 11210 040013 1 1VVGQ       01503 87 98    99964  00 295       247      422 7AA             165 26192992114 5                     2F11111111AA11A1A1AA1      276    3                     4                                              366                                                              99 0 BBXX01062120010120 VVGQ 21003 99197 11121 43798 41517 10295 20247 49996 54000 822// 22213
200106210600 1500  8630 040043 1 1VTXG       02403236 97 22100044  00 310       271 1 300633 524             165 25856992114 5                     21171111111111A111AA1      276    17                    4                                              366                                                              99 0 BBXX01062120011321 VTXG 21063 99150 10863 41597 62446 10310 20271 40004 54000 70227 83324 22243 00300
200106210600 2060 11320 040013 1 1VVGQ       0 903103 95 31100156  50 290       236      8   5               165 225 3992114 5                     2F111111114111A1A1AA1      276    15                    4                                              366                                                              99 0 BBXX01062120011321 VVGQ 21063 99206 11132 41595 80920 10290 20236 40015 56005 70315 22213
200106211200 1380  8590 040043 1 1VTXG       02403154 97 22100502 100 310       271 1 305887 5AA             165 25835992114 5                     21111111111111A111AA1      276    12                    4                                              366                                                              99 0 BBXX01062120011321 VTXG 21123 99138 10859 41597 82430 10310 20271 40050 52010 70222 887// 22243 00305
200106211200 1380  8590 040043 1 1VTXG       02403154 97 22100502 100 310       271 1 305887 5AA  38 3       165 25835992114 5                     21111111111111A1113A1      276    12                    4                                              366                                                              99 0 BBXX01062120011321 VTXG 21123 99138 10859 41597 82430 10310 20271 40050 52010 70222 887// 22243 00305 NNNN 23803 VTXG X
200106211800 1270  8550 040043 1 1VTXG       02403206 97 22100021 100 300       274 1 310534 6AA             165 25825992114 5                     11151111111111A111AA1      276    12                    4                                              366                                                              99 0 BBXX01062120011721 VTXG 21183 99127 10855 41697 52440 10300 20274 40002 51010 70222 834// 22243 00310
200106220000 1160  8520 040043 1 1VTXG       02403180 97 22100642 200 310       284 1 305773 5AA             165 25815992114 5                     11131111111111A111AA1      276    12                    4                                              366                                                              99 0 BBXX01062220010120 VTXG 22003 99116 10852 41597 72435 10310 20284 40064 52020 70222 873// 22243 00305 NNNN NNNN
200106220600 1000  6750 040074 1 1VVGG       02703103 98 12101302 100 290       220      621 321             165 256 7992114 5                     2F111111111111A1A1AA1      276    11                    4                                              366                                                              99 0 BBXX01062220010920 VVGG 22063 99100 10675 41398 62720 10290 20220 40130 52010 70121 82121 22274
200106220600 2320 11730 040023 1 1VVGQ       0 703 92 97   100154  00 280       253      4   8               165 22537992114 5                     2F11111111AA11A1A1AA1      276    3                     4                                              366                                                              99 0 BBXX01062220010520 VVGQ 22063 99232 11173 43897 40718 10280 20253 40015 54000 22223
200106221200  920  8450 040043 1 1VTXG       02403180 98 1210050    0 320       281 1 30533A 9A5             165 29494992114 5                     21331111111111A111AAA      276    11                    4                                              366                                                              99 0 BBXX01062220011322 VTXG 22123 99092 10845 41998 32435 10320 20281 40050 70121 83//5 22243 00305
200106221200  920  8450 040043 1 1VTXG       02403180 98 12100505  00 320       281 1 30533A 9A5             165 29494992114 5                     21331111111111A111AA1      276    11                    4                                              366                                                              99 0 BBXX01062220011321 VTXG 22123 99092 10845 41998 32435 10320 20281 40050 55000 70121 83//5 22243 00305 NNNN
200106221200  920  8450 040043 1 1VTXG       02403180 98 12100505  50 320       281 1 30533A 9A5             165 29494992114 5                     21331111111111A111AA1      276    11                    4                                              366                                                              99 0 BBXX01062220011321 VTXG 22123 99092 10845 41998 32435 10320 20281 40050 55005000 70121 83//5 22243 00305 NNNN
200106221800  800  8410 040043 1 1VTXG       02403180 98 22100581 100 300       274 1 310528 6AA             165 29484992114 5                     11131111111111A111AA1      276    12                    4                                              366                                                              99 0 BBXX01062220011720 VTXG 22183 99080 10841 41698 52435 10300 20274 40058 51010 70222 828// 22243 00310
200106221800  800  8410 040043 1 1VTXG       02403180 98 22100581 100 300       274 1 310528 6AA  38 3       165 29484992114 5                     11131111111111A1113A1      276    12                    4                                              366                                                              99 0 BBXX01062220011721 VTXG 22183 99080 10841 41698 52435 10300 20274 40058 51010 70222 828// 22243 00310 NNNN 23803 VTXG X
200106230600  600  8350 040043 1 1VTXG       02403180 98 32100728 100 305       272 1 310741 623             165 29463992114 5                     21131111111111A111AA1      276    12                    4                                              366                                                              99 0 BBXX01062320010520 VTXG 23063 99060 10835 41698 72435 10305 20272 40072 58010 70322 84123 22243 00310
200106230600  600  8350 040043 1 1VTXG       02403180 98 32100728 100 305       272 1 310741 623  38 3       165 29463992114 5                     21131111111111A1113A1      276    12                    4                                              366                                                              99 0 BBXX01062320010920 VTXG 23063 99060 10835 41698 72435 10305 20272 40072 58010 70322 84123 22243 00310 NNNN 23803 VTXG X
200106230600 1160  6140 040074 1 1VVGG       02503128 97 11101257 100 280       220      621 321             165 25611992114 5                     2F111111111111A1A1AA1      276    11                    4                                              366                                                              99 0 BBXX01062320010520 VVGG 23063 99116 10614 41397 62525 10280 20220 40125 57010 70111 82121 22274
200106230600 2560 12110 040023 1 1VVGQ       01003170 97    99457  50 300       232      8   7               165 22651992114 5                     2F14141111AA11A1A1AA1      276    3                     4                                              366                                                              99 0 BBXX01062320010520 VVGQ 23063 99256 11211 43797 81033 10300 20232 49945 57005 22223
200106231800  510  8160 040063 1 1VTXG       02603206 97 32100741 100 300       274 1 305745 4AA             165 29451992114 5                     11171111111111A111AA1      276    12                    4                                              366                                                              99 0 BBXX01062320011720 VTXG 23183 99051 10816 41497 72640 10300 20274 40074 51010 70322 845// 22263 00305
200106231800  510  8160 040063 1 1VTXG       02603206 97 32100741 100 300       274 1 305745 4AA  38 3       165 29451992114 5                     11171111111111A1113A1      276    12                    4                                              366                                                              99 0 BBXX01062320011720 VTXG 23183 99051 10816 41497 72640 10300 20274 40074 51010 70322 845// 22263 00305 NNNN 23803 VTXG X
200106240600  510  7950 040063 1 1VTXG       02603154 98 32100826 100 305       272 1 310842 521             165 29359992114 5                     23131111111111A111AA1      276    12                    4                                              366                                                              99 0 BBXX01062420010520 VTXG 24063 99051 10795 41598 82630 10305 20272 40082 56010 70322 84221 22263 00310 NNNN NNNN NNNN
200106240600 1290  5580 040074 1 1VVGG       02303180 95102101107 100 265       225      876 32A             165 25525992114 5                     2F111111111111A1A1AA1      276    12                    4                                              366                                                              99 0 BBXX01062420010921 VVGG 24063 99129 10558 41395 82335 10265 20225 40110 57010 71022 8762/ 22274
200106241200  520  7820 040073 1 1VTXG       02603154 97 11100904  00 310       271 1 310555 610             165 29358992114 5                     23131111111111A111AA1      276    11                    4                                              366                                                              99 0 BBXX01062420010921 VTXG 24123 99052 10782 41697 52630 10310 20271 40090 54000 70111 85510 22273 00310
200106241200 1330  5470 040064 1 1VVGG       02203206 95102100706 250 280       220      756 275             165 25534992114 5                     2F111111111111A1A1AA1      276    12                    4                                              366                                                              99 0 BBXX01062420011320 VVGG 24123 99133 10547 41295 72240 10280 20220 40070 56025 71022 85675 22264
200106241800  570  7730 040073 1 1VTXG       02603154 97 12100851 150 300       272 1 305645 5AA             165 29357992114 5                     11151111111111A111AA1      276    12                    4                                              366                                                              99 0 BBXX01062420011720 VTXG 24183 99057 10773 41597 62630 10300 20272 40085 51015 70122 845// 22273 00305 NNNN NNNN
200106250000 1320  5170 040064 1 1VVGG       02203206 95102100806 100 270       230          A               165 25531992114 5                     1F135111111111A1A8AA1      276    12                    4                                              366                                                              99 0 BBXX01062520010121 VVGG 25003 99132 10517 41/95 /2240 10270 20230 40080 56010 71022 22264
200106250600  680  7530 040073 1 1VTXG       02803154 98 12100871 100 345       305 1 305742 420             165 29365992114 5                     21751111111116A611AA1      276    12                    4                                              366                                                              99 0 BBXX01062520010520 VTXG 25063 99068 10753 41498 72830 10345 20305 40087 51010 70122 84220 22273 00305
200106250600 1470  9230 040033 1 1ATIU       02403 67 96 32         0 300       287      886 072             165 25942992114 5                     2F111F111141A1A1A1AAA      276    15                    4                                              366                                                              99 0 BBXX01062520010921 ATIU 25063 99147 10923 41096 82413 10300 20287 70325 88672 22233
200106250600 1470  9230 040033 1 1ATIU       02403 67 96 32100392 440 300       287      886 072             165 25942992114 5                     2F111111114111A1A1AA1      276    15                    4                                              366                                                              99 0 BBXX01062520010520 ATIU 25063 99147 10923 41096 82413 10300 20287 40039 52044 70325 88672 22233
200106251200 1230  4850 040064 1 1VVGG       02803128 97 11100406 200 340       260      411 431             165 25428992114 5                     2F131111111111A1A1AA1      276    11                    4                                              366                                                              99 0 BBXX01062520011721 VVGG 25123 99123 10485 41497 42825 10340 20260 40040 56020 70111 81131 22264
200106251800  780  7320 040073 1 1VTXG       02803154 98 11100801 100 310       284 1 310325 6AA             165 29373992114 5                     13151111111111A111AA1      276    11                    4                                              366                                                              99 0 BBXX01062520012121 VTXG 25183 99078 10732 41698 32830 10310 20284 40080 51010 70111 825// 22273 00310 NNNN NNNN
200106260600  860  7090 040063 1 1VTXG       02803154 98 21100884  00 330       305 1 310432 620             165 29380992114 5                     21531111111111A611AA1      276    11                    4                                              366                                                              99 0 BBXX01062620010521 VTXG 26063 99086 10709 41698 42830 10330 20305 40088 54000 70211 83220 22263 00310
200106261200  890  6980 040063 1 1VTXG       02803128 98 21100707  50 330       305 1 305432 780             165 29289992114 5                     21511111111111A111AA1      276    11                    4                                              366                                                              99 0 BBXX01062620010922 VTXG 26123 99089 10698 41798 42825 10330 20305 40070 57005 70211 83280 22263 00305
200106261800  920  6860 040063 1 1VTXG       02803128 98 20100802 200 300       272 1 310212 5AA             165 29298992114 5                     11111111111111A111AA1      276    10                    4                                              366                                                              99 0 BBXX01062620011721 VTXG 26183 99092 10686 41598 22825 10300 20272 40080 52020 70200 812// 22263 00310 NNNN
200106270000 1650  4110 040074 1 1VVGG       03403 77 96102100706 100 300       210      9   A               165 25461992114 5                     1F111111111111A1A3AA1      276    12                    4                                              366                                                              99 0 BBXX01062720010122 VVGG 27003 99165 10411 41/96 93415 10300 20210 40070 56010 71022 22274
200106270600  980  6670 040063 1 1VTXG       02803128 98 31100931 150 375       345 1 315641 520             165 29296992114 5                     23711111111119A911AA1      276    11                    4                                              366                                                              99 0 BBXX01062720010521 VTXG 27063 99098 10667 41598 62825 10375 20345 40093 51015 70311 84120 22263 00315
200106271200 1030  6550 040063 1 1VTXG       02803128 97 21100706  50 330       305 1 300431 630             165 256 5992114 5                     21511111111111A111AA1      276    11                    4                                              366                                                              99 0 BBXX01062720011721 VTXG 27123 99103 10655 41697 42825 10330 20305 40070 56005 70211 83130 22263 00300
200106271800 1060  6450 040063 1 1VTXG       02803180 97 10100851 100 300       272 1 310221 600             165 256 4992114 5                     11131111111111A111AA1      276    10                    4                                              366                                                              99 0 BBXX01062720011721 VTXG 27183 99106 10645 41697 22835 10300 20272 40085 51010 70100 82100 22263 00310 NNNN
200106280600 1120  6260 040073 1 1VTXG       02503257 97 22100911 100 330       305 1 310653 600             165 25612992114 5                     21551111111111A111AA1      276    12                    4                                              366                                                              99 0 BBXX01062820010521 VTXG 28063 99112 10626 41697 62550 10330 20305 40091 51010 70222 85300 22273 00310 NNNN
200106280600 2360  3670 040074 1 1VVGG       03403 51 98 20101056  50 295       205      314 414             165 21736992114 5                     2F111111111111A1A1AA1      276    10                    4                                              366                                                              99 0 BBXX01062820010921 VVGG 28063 99236 10367 41498 33410 10295 20205 40105 56005 70200 81414 22274
200106281200 1150  6180 040062 1 1VTXG       02503231 97 22100856  70 330       305 1 295653 520             165 25611992114 5                     21531111111111A111AA1      276    12                    4                                              366                                                              99 0 BBXX01062820011321 VTXG 28123 99115 10618 41597 62545 10330 20305 40085 56007 70222 85320 22262 00295 NNNN
200106281800 1180  6090 040062 1 1VTXG       02503257 97 22100801 100 320       294 1 300886 500             165 25610992114 5                     11351111111111A111AA1      276    12                    4                                              366                                                              99 0 BBXX01062820011721 VTXG 28183 99118 10609 41597 82550 10320 20294 40080 51010 70222 88600 22262 00300 NNNN
200106290000 1210  5990 040062 1 1VTXG       02503231 97 22100905  50 300       272 1 28588A AAA             165 25529992114 5                     11131111111111A111AA1      276    12                    4                                              366                                                              99 0 BBXX01062920010121 VTXG 29003 99121 10599 41/97 82545 10300 20272 40090 55005 70222 88/// 22262 00285 NNNN
200106290100 1300  5690 040062 1 1VTXG       02503180 97 22100907 100 280       253 1 27566A AAA             165 25536992114 5                     11111111111111A111AA1      276    12                    4                                              366                                                              99 0 BBXX01063020010121 VTXG 29013 99130 10569 41/97 62535 10280 20253 40090 57010 70222 86/// 22262 00275
200106290300 1220  5950 040062 1 1VTXG       02503154 97 11101002  60 290       264 1 285531 52A             165 25529992114 5                     21111111111111A111AA1      276    11                    4                                              366                                                              99 0 BBXX01062920010521 VTXG 29033 99122 10595 41597 52530 10290 20264 40100 52006 70111 8312/ 22262 00285 NNNN
200106290600 1230  5910 040062 1 1VTXG       02503154 97 22100832 170 310       284 1 285531 62A             165 25529992114 5                     21111111111111A111AA1      276    12                    4                                              366                                                              99 0 BBXX01062920010521 VTXG 29063 99123 10591 41697 52530 10310 20284 40083 52017 70222 8312/ 22262 00285
200106290600 3610  1520 040023 1 1VTXK       02903 67 96   102084  00 250       222      664 600             165 21565992114 5                     2F11111111AA11A1A1AA1      276    2                     4                                              366                                                              99 0 BBXX01062920010521 VTXK 29063 99361 10152 42696 62913 10250 20222 40208 54000 86400 22223
200106291200 1250  5830 040062 1 1VTXG       02503180 97 22100555  50 320       294 1 275666 600             165 25528992114 5                     21311111111111A111AA1      276    12                    4                                              366                                                              99 0 BBXX01062920011321 VTXG 29123 99125 10583 41697 62535 10320 20294 40055 55005 70222 86600 22262 00275
200106291800 1290  5740 040062 1 1VTXG       02503180 97 22100712  50 280       253 1 275663 6AA             165 25527992114 5                     11111111111111A111AA1      276    12                    4                                              366                                                              99 0 BBXX01062920011721 VTXG 29183 99129 10574 41697 62535 10280 20253 40071 52005 70222 863// 22262 00275
200106300000 1320  5660 040062 1 1VTXG       02503180 97 22100805  50 270       243 1 27577A AAA             165 25536992114 5                     11111111111111A111AA1      276    12                    4                                              366                                                              99 0 BBXX01062920012121 VTXG 30003 99132 10566 41/97 72535 10270 20243 40080 55005 70222 87/// 22262 00275 NNNN
200106300300 1330  5620 040062 1 1VTXG       02203180 96 22100804  10 265       238 1 270655 56A             165 25536992114 5                     21111111114111A111AA7      276    12                    4                                              366                                                              99 0 BBXX01063020010121 VTXG 30033 99133 10562 41596 62235 10265 20238 40080 54001 70222 8556/ 22262 00270 NNNN
200106300600 1340  5570 040062 1 1VTXG       02303180 97 22100771  50 295       262 1 275632 61A             165 25535992114 5                     21111111111111A111AA1      276    12                    4                                              366                                                              99 0 BBXX01063020010921 VTXG 30063 99134 10557 41697 62335 10295 20262 40077 51005 70222 8321/ 22262 00275 NNNN
200106300600 3140 13170 040053 1 1VVGQ       02403154 97   100612  30 290       236      3   8               165 19111992114 5                     2F11111111AA11A1A1AA1      276    3                     4                                              366                                                              99 0 BBXX01063020010521 VVGQ 30063 99314 11317 43897 32430 10290 20236 40061 52003 22253
200106301800  550  8230 040023 1 1VTXK       02500 80 98 20101004  00 2780 255  247 1 2813 A AAA             165 29452992114 5                     111111111111111111AA1      276    10                    4                                              366                                                              99 0 BBXX01063020011721 VTXK 30180 99055 10823 41/98 32508 10278 20247 40100 54000 70200 8//// 22223 00281 2//// 3//// 4//// 5//// 80255
200106301800 3380  2410 0400   1 1VTXK       03203 67 97 22101704  00 240       211      554 5AA             165 21634992114 5                     1F111111111111A1A1AA1      276    12                    4                                              366                                                              99 0 BBXX01063020012121 VTXK 30183 99338 10241 41597 53213 10240 20211 40170 54000 70222 854//
200106301800 3380  2410 040023 1 1VTXK       03203 67 97  2101704  00 240       211      554 5AA             165 21634992114 5                     1F11111111A111A1A1AA1      276    12                    4                                              366                                                              99 0 BBXX01063020012121 VTXK 30183 99338 10241 41597 53213 10240 20211 40170 54000 7/222 854// 22223
200106301800 3380  2410 040023 1 1VTXK       03203 67 97 22101704  00 240       211      554 5AA             165 21634992114 5                     1F111111111111A1A1AA1      276    12                    4                                              366                                                              99 0 BBXX01063020011721 VTXK 30183 99338 10241 41597 53213 10240 20211 40170 54000 70222 854// 22223
