200107010300 1350  5220 040053 1 1VTXG       02203144 96 22100704  00 285       258 1 260870 912             165 25532992114 5                     21111111114111A111AA1      276    12                    4                                              366                                                              99 0 BBXX01070120010121 VTXG 01033 99135 10522 41996 82228 10285 20258 40070 54000 70222 87012 22253 00260
200107010600  950  9270 0400   1 1ATIU       02403    97 10100924  00 310       297      621 038             165 29592992114 5                     2F3FF111711111A1A1AA1      276    1                     4                                              366                                                              99 0 BBXX01070120011721 ATIU 01063 99095 10927 41097 6240/ 10310 20297 40092 54000 7010/ 82138
200107010600  950  9270 040083 1 1ATIU       02403 31 97 10100924  00 310       297      621 038             165 29592992114 5                     2F311111111111A1A1AA1      276    10                    4                                              366                                                              99 0 BBXX01070120010521 ATIU 01063 99095 10927 41097 62406 10310 20297 40092 54000 70100 82138 22283
200107010600 1340  5150 040053 1 1VTXG       02203134 96 20100704  00 320       294 1 275800 911             165 25531992114 5                     21111111114111A111AA1      276    10                    4                                              366                                                              99 0 BBXX01070120010521 VTXG 01063 99134 10515 41996 82226 10320 20294 40070 54000 70200 80011 22253 00275 NNNN
200107011200 1320  5050 040063 1 1VTXG       02403 77 97 11100206 100 340       302 1 320400 901             165 25530992114 5                     23311111111111A111AA1      276    11                    4                                              366                                                              99 0 BBXX01070120011321 VTXG 01123 99132 10505 41997 42415 10340 20302 40020 56010 70111 80001 22263 00320
200107011200 3350  2580 040074 1 1VVGG       03103103 97 22101306  50 240       180      524 342             165 21635992114 5                     2F111111111111A1A1AA1      276    12                    4                                              366                                                              99 0 BBXX01070120011321 VVGG 01123 99335 10258 41397 53120 10240 20180 40130 56005 70222 82442 22274
200107011800 1300  4920 040063 1 1VTXG       02403 77 97 20100072 100 330       291 1 31520A 9AA             165 25439992114 5                     11111111111111A111AA1      276    10                    4                                              366                                                              99 0 BBXX01070120011721 VTXG 01183 99130 10492 41997 22415 10330 20291 40007 52010 70200 80/// 22263 00315
200107020000 1290  4800 040063 1 1VTXG       02403 51 97 20100506  50 290       264 1 325300 909             165 25428992114 5                     13111111111111A111AA1      276    10                    4                                              366                                                              99 0 BBXX01070220010121 VTXG 02003 99129 10480 41997 32410 10290 20264 40050 56005 70200 80009 22263 00325 NNNN
200107020000 1820  8430 040033 1 1ATJW       02703 72 96 32100114  00 290       264      640 524             165 25884992114 5                     2F111111114111A1A1AA1      276    12                    4                                              366                                                              99 0 BBXX01070220010121 ATJW 02003 99182 10843 41596 62714 10290 20264 40011 54000 70322 84024 22233
200107020600 1270  4690 040063 1 1VTXG       02603154 97 20100503 200 350       325 1 325300 909             165 25426992114 5                     21131111111111A111AA1      276    10                    4                                              366                                                              99 0 BBXX01070220010921 VTXG 02063 99127 10469 41997 32630 10350 20325 40050 53020 70200 80009 22263 00325 NNNN
200107021200 1250  4570 040063 1 1VTXG       02003 77 97 20100107 200 350       325 1 320200 909             165 25425992114 5                     21111111111111A111AA1      276    10                    4                                              366                                                              99 0 BBXX01070220011322 VTXG 02123 99125 10457 41997 22015 10350 20325 40010 57020 70200 80009 22263 00320 NNNN
200107021800 1240  4450 040063 1 1VTXG       02403 51 97 20100143 100 310       284 1 320221 400             165 25424992114 5                     11111111111111A111AA1      276    10                    4                                              366                                                              99 0 BBXX01070220011721 VTXG 02183 99124 10445 41497 22410 10310 20284 40014 53010 70200 82100 22263 00320 NNNN
200107030000 1270  4330 040073 1 1VTXG       03003 77 97 20100324  00 290       264 1 270300 908             165 25423992114 5                     11111111111111A111AA1      276    10                    4                                              366                                                              99 0 BBXX01070320010121 VTXG 03003 99127 10433 41997 33015 10290 20264 40032 54000 70200 80008 22273 00270
200107030600 1370  4290 040083 1 1VTXG       0 303 51 97 20100422 250 365       334 1 270100 901             165 25432992114 5                     21311111111111A111AA1      276    10                    4                                              366                                                              99 0 BBXX01070320010522 VTXG 03063 99137 10429 41997 10310 10365 20334 40042 52025 70200 80001 22283 00270 NNNN
200107031200 1480  4200 040073 1 1VTXG       03203 51 98 20100157  50 360       335 1 345000 900             165 25442992114 5                     23111111111111A111AA1      276    10                    4                                              366                                                              99 0 BBXX01070320011326 VTXG 03123 99148 10420 41998 03210 10360 20335 40015 57005 70200 80000 22273 00345
200107031800 1540  4170 040073 1 1VTXG       0 303 51 97 20100221 100 330       291 1 340000 900             165 25451992114 5                     11111111111111A111AA1      276    10                    4                                              366                                                              99 0 BBXX01070320011723 VTXG 03183 99154 10417 41997 00310 10330 20291 40022 51010 70200 80000 22273 00340 NNNN
200107040000 1690  4070 040073 1 1VTXG       03613  0 97 20100407  70 310       284 1 340100 909             165 25460992114 5                     11111111111111A111AA1      276    10                    4                                              366                                                              99 0 BBXX01070420010123 VTXG 04003 99169 10407 41997 10000 10310 20284 40040 57007 70200 80009 22273 00340 NNNN
200107040600 1800  4010 040073 1 1VTXG       03103 77 97 20100401 100 365       335 1 340220 930             165 25480992114 5                     21311111111111A111AA1      276    10                    4                                              366                                                              99 0 BBXX01070420010523 VTXG 04063 99180 10401 41997 23115 10365 20335 40040 51010 70200 82030 22273 00340
200107041200 1930  3930 040073 1 1VTXG       03003 51 97 20100304  00 340       302 1 325200 909             165 25399992114 5                     21111111111111A111AA1      276    10                    4                                              366                                                              99 0 BBXX01070420011323 VTXG 04123 99193 10393 41997 23010 10340 20302 40030 54000 70200 80009 22273 00325 NNNN
200107041800 2020  3880 040073 1 1VTXG       03303 77 97 12100284  00 320       294 1 320661 500             165 217 8992114 5                     11111111111111A111AA1      276    12                    4                                              366                                                              99 0 BBXX01070420011723 VTXG 04183 99202 10388 41597 63315 10320 20294 40028 54000 70122 86100 22273 00320
200107050000 2130  3820 040073 1 1VTXG       03303 77 97 10100504  00 300       261 1 320300 909             165 21718992114 5                     11111111111111A111AA1      276    10                    4                                              366                                                              99 0 BBXX01070420012123 VTXG 05003 99213 10382 41997 33315 10300 20261 40050 54000 70100 80009 22273 00320 NNNN
200107050600 2240  3750 040073 1 1VTXG       03403128 97 10100603 100 345       315 1 330100 906             165 21727992114 5                     23312111111111A111AA1      276    10                    4                                              366                                                              99 0 BBXX01070520010924 VTXG 05063 99224 10375 41997 13425 10345 20315 40060 53010 70100 80006 22273 00330 NNNN
200107051200 2360  3680 040073 1 1VTXG       03403 77 97 10100504  00 365       334 1 330000 900             165 21736992114 5                     23511111111111A111AA1      276    10                    4                                              366                                                              99 0 BBXX01070520011324 VTXG 05123 99236 10368 41997 03415 10365 20334 40050 54000 70100 80000 22273 00330 NNNN
200107051800 2460  3620 040073 1 1VTXG       03403 51 97 20100434  00 310       284 1 320000 900             165 21746992114 5                     11111111111111A111AA1      276    10                    4                                              366                                                              99 0 BBXX01070520011600 VTXG 05183 99246 10362 41997 03410 10310 20284 40043 54000 70200 80000 22273 00320 NNNN
200107060000 2580  3550 040073 1 1VTXG       03403 51 97 20100707  50 290       264 1 320000 900             165 21755992114 5                     13111111111111A111AA1      276    10                    4                                              366                                                              99 0 BBXX01070520012159 VTXG 06003 99258 10355 41997 03410 10290 20264 40070 57005 70200 80000 22273 00320 NNNN
200107060600 2680  3470 040073 1 1VTXG       03403139 97 20100753 200 320       294 1 310100 901             165 21764992114 5                     21112111111111A111AA1      276    10                    4                                              366                                                              99 0 BBXX01070620010259 VTXG 06063 99268 10347 41997 13427 10320 20294 40075 53020 70200 80001 22273 00310 NNNN
200107081200 1970 13900 0400   1 1VTXK       03103 46 98 20100557 200 330       265      322 610             165 26399992114 5                     1F111111111111A1A1AA1      276    10                    4                                              366                                                              99 0 BBXX01070820011000 VTXK 08123 99197 01390 41698 33109 10330 20265 40055 57020 70200 82210
200107090000  810  9490 040073 1 1VWWY       01703 92 97 35100862  60 280       267      837 587             165 29584992114 5                     2F111111111111A1A1AA1      276    12                    4                                              366                                                              99 0 BBXX01070920010200 VWWY 09003 99081 10949 41597 81718 10280 20267 40086 52006 70352 83787 22273
200107090000 3230  3030 040063 1 1VTXG       03103 51 97 20101184  00 290       264 1 264000 900             165 18120992114 5                     11111111111111A111AA1      276    10                    4                                              366                                                              99 0 BBXX01070820012111 VTXG 09003 99323 10303 41997 03110 10290 20264 40118 54000 70200 80000 22263 00264 NNNN
200107090600  740  9380 040073 1 1ATIU       02403 51 97 32100656 250 290       277      788 071             165 29573992114 5                     2F111111111111A1A3AA1      276    16                    4                                              366                                                              99 0 BBXX01070920010425 ATIU 09063 99074 10938 41097 72410 10290 20277 40065 56025 70326 88871 22273
200107090600 1610  4120 040033 1 1VTXK       03103 72 97  2100602 100 400       299      4   7               165 25461992114 5                     2F71111111A116A6A1AA1      276    12                    4                                              366                                                              99 0 BBXX01070920010500 VTXK 09063 99161 10412 41797 43114 10400 20299 40060 52010 7//22 22233
200107090600 1610  4120 040033 1 1VTXK       03103 72 97 22100602 100 400       299      4   7               165 25461992114 5                     2F711111111116A6A1AA1      276    12                    4                                              366                                                              99 0 BBXX01070920010425 VTXK 09063 99161 10412 41797 43114 10400 20299 40060 52010 70222 22233
200107090600 3260  2890 040063 1 1VTXG       03103 51 97 20101203 100 300       261 1 265000 900             165 21628992114 5                     21111111111111A111AA1      276    10                    4                                              366                                                              99 0 BBXX01070920010400 VTXG 09063 99326 10289 41997 03110 10300 20261 40120 53010 70200 80000 22263 00265 NNNN
200107090600 3260  2890 040063 1 1VTXG       03103 57 97 20101203   0 300       261 1 2650   9               165 21628992114 5                     21111111111111A111AA7      276    10                    4                                              366                                                              99 0 BBXX01070920010500 VTXG 09063 99326 10289 41997 03111 10300 20261 40120 5301/ 70200 22263 00265
200107091200 3300  2720 040063 1 1VTXG       02603 51 96 20101082  50 260       233 1 260000 900             165 21637992114 5                     21111111114111A111AA1      276    10                    4                                              366                                                              99 0 BBXX01070920011000 VTXG 09123 99330 10272 41996 02610 10260 20233 40108 52005 70200 80000 22263 00260 NNNN
200107091800 3330  2600 040063 1 1VTXG       02603 51 96 20100933 150 285       258 1 260000 900             165 21636992114 5                     11111111114111A111AA1      276    10                    4                                              366                                                              99 0 BBXX01070920011500 VTXG 09183 99333 10260 41996 02610 10285 20258 40093 53015 70200 80000 22263 00260 NNNN
200107100000 1060  9160 040073 1 1VWWY       01903 62 97 32100767  70 290       277      718 597             165 259 1992114 5                     2F111111111111A1A1AA1      276    12                    4                                              366                                                              99 0 BBXX01071020010059 VWWY 10003 99106 10916 41597 71912 10290 20277 40076 57007 70322 81897 22273
200107100000 3370  2450 040063 1 1VTXG       02703 77 96 20101382  70 250       215 1 260000 900             165 21634992114 5                     11111111114111A111AA1      276    10                    4                                              366                                                              99 0 BBXX01070920012204 VTXG 10003 99337 10245 41996 02715 10250 20215 40138 52007 70200 80000 22263 00260 NNNN
200107100600  970  9280 040083 1 1ATIU       02403 31 97 10100791  20 310                778 062             165 29592992114 5                     2F3111F1111111AAA1AA1      276    10                    4                                              366                                                              99 0 BBXX01071020010659 ATIU 10063 99097 10928 41097 72406 10310 40079 51002 70100 87862 22283
200107100600  970  9280 040083 1 1ATIU       02403 31 97 10100791  20 310       297      778 062             165 29592992114 5                     2F311111111111A1A1AA1      276    10                    4                                              366                                                              99 0 BBXX01071020010508 ATIU 10063 99097 10928 41097 72406 10310 20297 40079 51002 70100 87862 22283
200107100600 3410  2310 040063 1 1VTXG       03203103 97 20101383 150 280       253 1 265000 900             165 21643992114 5                     21111111111111A111AA1      276    10                    4                                              366                                                              99 0 BBXX01071020010302 VTXG 10063 99341 10231 41997 03220 10280 20253 40138 53015 70200 80000 22263 00265
200107101200 3450  2150 040063 1 1VTXG       03303 77 97 20101384  00 280       253 1 260000 900             165 21641992114 5                     21111111111111A111AA1      276    10                    4                                              366                                                              99 0 BBXX01071020010959 VTXG 10123 99345 10215 41997 03315 10280 20253 40138 54000 70200 80000 22263 00260 NNNN
200107101800 1260  4770 040023 1 1VTXK       02103 72 97 22100304  00 310       257      544 61A             165 25427992114 5                     1F111111111111A1A1AA1      276    12                    4                                              366                                                              99 0 BBXX01071020011600 VTXK 10183 99126 10477 41697 52114 10310 20257 40030 54000 70222 8441/ 22223
200107110000 1270  4920 040023 1 1VTXK       02103 72 96   100304  00 310       257      5 A 6AA             165 25429992114 5                     1F11111111AA11A1A1AA1      276    2                     4                                              366                                                              99 0 BBXX01071020012309 VTXK 11003 99127 10492 42696 52114 10310 20257 40030 54000 8//// 22223
200107110000 3530  1860 040063 1 1VTXG       03303 51 97 20101584  00 250       215 1 260000 900             165 21558992114 5                     11111111111111A111AA1      276    10                    4                                              366                                                              99 0 BBXX01071020012102 VTXG 11003 99353 10186 41997 03310 10250 20215 40158 54000 70200 80000 22263 00260 NNNN
200107110600 1360  7410 040073 1 1ATKE       02703103 9616210035    0 270       243      847 527             165 25734992114 5                     2F111111111111A1A1AAA      276    16                    4                                              366                                                              99 0 BBXX01071120010500 ATKE 11063 99136 10741 41596 82720 10270 20243 40035 5//// 71626 84727 22273
200107111200 3600  1540 040063 1 1VTXG       03613  0 97 10101284  00 300       261 1 270000 900             165 21565992114 5                     21111111111111A111AA1      276    10                    4                                              366                                                              99 0 BBXX01071120010904 VTXG 11123 99360 10154 41997 00000 10300 20261 40128 54000 70100 80000 22263 00270 NNNN
200107111800 1310  5350 040023 1 1VTXK       01803123 97 22100602 120 250       222      654 6AA             165 25533992114 5                     1F111111111111A1A1AA1      276    12                    4                                              366                                                              99 0 BBXX01071120011500 VTXK 11183 99131 10535 41697 61824 10250 20222 40060 52012 70222 854// 22223
200107111800 3650  1390 0400   1 1VTXG       03103 51 97 20101304  00 260       233      000 9A0             165 21563992114 5                     2F111111111111A1A1AA1      276    10                    4                                              366                                                              99 0 BBXX01071120011659 VTXG 11183 99365 10139 41997 03110 10260 20233 40130 54000 70200 800/0
200107111800 3650  1390 040063 1 1VTXG       03103 51 97  0101304  00 260       233 1 2700   9               165 21563992114 5                     2111111111A111A111AA1      276    10                    4                                              366                                                              99 0 BBXX01071120011659 VTXG 11183 99365 10139 41997 03110 10260 20233 40130 54000 70/00 22263 00270
200107111800 3650  1390 040063 1 1VTXG       03103 51 97 20101304  00 260       233 1 270000 900             165 21563992114 5                     21111111111111A111AA1      276    10                    4                                              366                                                              99 0 BBXX01071120011559 VTXG 11183 99365 10139 41997 03110 10260 20233 40130 54000 70200 80000 22263 00270 NNNN
200107120000 3680  1250 040063 1 1VTXG       03203103 97 20101702 100 260       233 1 270000 900             165 21562992114 5                     11111111111111A111AA1      276    10                    4                                              366                                                              99 0 BBXX01071120012106 VTXG 12003 99368 10125 41997 03220 10260 20233 40170 52010 70200 80000 22263 00270 NNNN
200107121200 4050 11150 040013 1 1VWNS       02403 46 98 20100752 350 300       253      113 579             165 153 1992114 5                     1FDDDDD7111111A1A1AA1  1   276    10                    4                                              366                                                              99 0 BBXX01071220012200 VWNS 12123 99405 11115 41598 12409 10300 20253 40075 52035 70200 81379 22213 00/// 2////
200107121800 1340  5910 040023 1 1VTXK       02203164 96   100102 270 250       222      857 52A             165 25539992114 5                     1F11111111AA11A1A1AA1      276    1                     4                                              366                                                              99 0 BBXX01071220012100 VTXK 12183 99134 10591 41596 82232 10250 20222 40010 52027 8572/ 22223
200107130000 3750   640 040063 1 1VTXG       01303 77 97 20101784  00 250       215 1 270000 900             165 21476992114 5                     11113111111111A111AA1      276    10                    4                                              366                                                              99 0 BBXX01071220012100 VTXG 13003 99375 10064 41997 01315 10250 20215 40178 54000 70200 80000 22263 00270 NNNN
200107130600 1340  6170 040023 1 1VTXK       02203154 97 22101202 100 290       221      757 622             165 25631992114 5                     2F111121111111A1A1AA1      276    12                    4                                              366                                                              99 0 BBXX01071320010300 VTXK 13063 99134 10617 41697 72230 10290 20221 40120 52010 70222 85722 22223
200107130900 4080 15190 040013 1 1VTCN       02003 77 94636101024  00 230       202      887 3AA             165 157 1992114 5                     2F111111111111A1A1AA1      276    16                    4                                              366                                                              99 0 BBXX01071320010600 VTCN 13093 99408 11519 41394 82015 10230 20202 40102 54000 76366 887// 22213 B/RGDS
200107131200 3710   280 040063 1 1VTXG       0 803 51 97 20101504  00 290       264 1 270000 900             165 21472992114 5                     21111111111111A111AA1      276    10                    4                                              366                                                              99 0 BBXX01071320011000 VTXG 13123 99371 10028 41997 00810 10290 20264 40150 54000 70200 80000 22263 00270 NNNN
200107140000 1320  6560 040023 1 1VTXK       02203123 97   101384  00 260       223      6 A 9AA             165 25635992114 5                     1F11131111AA11A1A1AA1      276    2                     4                                              366                                                              99 0 BBXX01071420010559 VTXK 14003 99132 10656 42997 62224 10260 20223 40138 54000 8//// 22223
200107140000 1500  9230 040073 1 1ATIU       02703 31 97 10100356 100 300       287      767 0AA             165 25952992114 5                     2F111111111111A1A1AA1      276    10                    4                                              366                                                              99 0 BBXX01071320012200 ATIU 14003 99150 10923 41097 72706 10300 20287 40035 56010 70100 867// 22273
200107140000 1530  8350 040043 1 1VWXG       02303103 97 11100461  80 260       239      521 500             165 25853992114 5                     1F111111111111A1A1AA1      276    32                    4                                              366                                                              99 0 BBXX01071420010702 VWXG 14003 99153 10835 43597 52320 10260 20239 40046 51008 70112 82100 22243
200107140000 2050  6740 040043 1 1ATJZ       02303128 97 10100544  00 270       243      432 633             165 220 7992114 5                     1F111111111111A1A1AA1      276    10                    4                                              366                                                              99 0 BBXX01071420010700 ATJZ 14003 99205 10674 41697 42325 10270 20243 40054 54000 70100 83233 22243
200107140000 3670    10 040063 1 1VTXG       03613  0 96 20101584  00 250       207 1 250000 900             165 21460992114 5                     11111111114111A111AA1      276    10                    4                                              366                                                              99 0 BBXX01071320012100 VTXG 14003 99367 10001 41996 00000 10250 20207 40158 54000 70200 80000 22263 00250 NNNN
200107140900 4320 15780 040013 1 1VTCN       03303 21 96444101070  10 190       175      880 88A             165 15737992114 5                     1F111111113111A1A1AA1      276    14                    4                                              366                                                              99 0 BBXX01071420010559 VTCN 14093 99432 11578 41896 83304 10190 20175 40107 50001 74444 8808/ 22213 B/RGDS
200107141200 1730  9070 040073 1 1ATIU       02403 41 97 10100222 100 300       287      623 0AA             165 25970992114 5                     2F111111111111A1A1AA1      276    10                    4                                              366                                                              99 0 BBXX01071420011003 ATIU 14123 99173 10907 41097 62408 10300 20287 40022 52010 70100 823// 22273
200107141200 3630  -370 040063 1 1VTXG       02503103 96 20101386  50 290       264 1 260000 900             165 21363992114 5                     21311111114111A111AA1      276    10                    4                                              366                                                              99 0 BBXX01071420011059 VTXG 14123 99363 70037 41996 02520 10290 20264 40138 56005 70200 80000 22263 00260 NNNN
200107141800 1310  6960 040023 1 1VTXK       02203 77 97 22101702 190 270       243      864 442             165 25639992114 5                     1F111511111111A1A1AA1      276    12                    4                                              366                                                              99 0 BBXX01071420011459 VTXK 14183 99131 10696 41497 82215 10270 20243 40170 52019 70222 86442 22223
200107150000 1030  8330 040043 1 1VWXG       02503123 97 10100561  10 250       236      521 400             165 258 3992114 5                     1F411111111111A1A1AA1      276    30                    4                                              366                                                              99 0 BBXX01071420012301 VWXG 15003 99103 10833 43497 52524 10250 20236 40056 51001 70100 82100 22243
200107150600 1290  7220 040023 1 1VTXK       02203 82 97 22101602 100 350       272      764 442             165 25722992114 5                     2F711521111116A6A1AA1      276    12                    4                                              366                                                              99 0 BBXX01071520010300 VTXK 15063 99129 10722 41497 72216 10350 20272 40160 52010 70222 86442 22223
200107150600 2060  8830 040073 1 1ATIU       02403 51 96 32 99926  40 310       284      778 094             165 222 8992114 5                     2F111111114111A1A1AA1      276    15                    4                                              366                                                              99 0 BBXX01071520010301 ATIU 15063 99206 10883 41096 72410 10310 20284 49992 56004 70325 87894 22273
200107150900 4520 16450 040013 1 1VTCN       01003  5 93474100991  30   0        81      99A AAA             165 15854992114 5                     1F6111F1111118A8A1AA1      276    14                    4                                              366                                                              99 0 BBXX01071520010600 VTCN 15093 99452 11645 41/93 91001 10000 20081 40099 51003 74744 89/// 22213 B/RGDS
200107151200 1250  7300 0400   1 1VTXK       02203 82 97   101204  00 300       246      534 532             165 25723992114 5                     2F11111111AA11A1A1AA1      276    2                     4                                              366                                                              99 0 BBXX01071520010904 VTXK 15123 99125 10730 42597 52216 10300 20246 40120 54000 83432
200107160000  580  9830 040012 1 1VWNS       03103 51 98 12100901  60 285       245 1 300748 299             165 29558992114 5                     21111111111111A111AA1      276    12                    4                                              366                                                              99 0 BBXX01071520012259 VWNS 16003 99058 10983 41298 73110 10285 20245 40090 51006 70122 84899 22212 00300 2////
200107170000 4400  -930 040044 1 1VVGG       02203154 96102101702  50 190       160          A               165 17749992114 5                     1F113111111111A1A8AA1      276    12                    4                                              366                                                              99 0 BBXX01071620012359 VVGG 17003 99440 70093 41/96 /2230 10190 20160 40170 52005 71022 22244
200107170600 4730 17830 040013 1 1VTCN       01603 36 94474         3  80       120      99A AAA             165 15978992114 5                     2F111FF11111A8A8A1AAA      276    16                    4                                              366                                                              99 0 BBXX01071720011011 VTCN 17063 99473 11783 41/94 91607 10080 2012/ 74746 89/// 22213
200107170600 4730 17830 040013 1 1VTCN       01603 36 94474100322 120  80        81      99A AAA             165 15978992114 5                     2F111131111111A3A1AA1      276    16                    4                                              366                                                              99 0 BBXX01071720010301 VTCN 17063 99473 11783 41/94 91607 10080 20081 40032 52012 74746 89/// 22213 B/RGDS
200107171200 1100  7530 040023 1 1VTXK       03623 10 97 22101404  00 320       304      764 442             165 25715992114 5                     2F3FF111111111A6A1AA1      276    12                    4                                              366                                                              99 0 BBXX01071720011011 VTXK 17123 99110 10753 41497 79902 10320 20304 40140 54000 70222 86442 22223
200107180000 1020  7560 040073 1 1VWXG       02703 57 97 00100511  20 230       216      331 412             165 257 5992114 5                     1F111111111111A1A1AA1      276    31                    4                                              366                                                              99 0 BBXX01071820010009 VWXG 18003 99102 10756 43497 32711 10230 20216 40051 51002 70001 83112 22273
200107180600 1140  7500 040073 1 1VWXG       02803 77 97 20100922  10 270       229      322 450             165 25715992114 5                     2F111111111111A1A1AA1      276    31                    4                                              366                                                              99 0 BBXX01071820010405 VWXG 18063 99114 10750 43497 32815 10270 20229 40092 52001 70201 82250 22273
200107180600 4810-17410 040013 1 1VTCN       0 303 10 97 33100114  00 100        81      744 518             165 16084992114 5                     2F111111111111A1A1AA1      276    13                    4                                              366                                                              99 0 BBXX01071820010259 VTCN 18063 99481 71741 41597 70302 10100 20081 40011 54000 70333 84418 22213 B/RGDS
200107181200  630  7810 040023 1 1VTXK       01703 21 98 22101094  00 300       261      554 532             165 29368992114 5                     2F111111111111A1A1AA1      276    12                    4                                              366                                                              99 0 BBXX01071820011005 VTXK 18123 99063 10781 41598 51704 10300 20261 40109 54000 70222 85432 22223
200107181700 5180  7890 040023 1 1VTXK       03623 21 97 22101374  60 280       253      664 542             165 11318992114 5                     1FDFFDD7111111A1A1AA7  1   276    12                    4                                              366                                                              99 0 BBXX01071820011702 VTXK 18173 99518 10789 41597 69904 10280 20253 40137 54006 70222 86442 22223
200107190000 3640  -150 040024 1 1VVGG       02703103 97 22101252  50 230       180          A               165 21361992114 5                     1F111111111111A1A8AA1      276    12                    4                                              366                                                              99 0 BBXX01071820012200 VVGG 19003 99364 70015 41/97 /2720 10230 20180 40125 52005 70222 22224
200107190500  420  8130 040033 1 1VTXK       03623 21 97 32101774 330 380       277      554 532             165 29441992114 5                     2F7FF561111119A9A1AA7      276    12                    4                                              366                                                              99 0 BBXX01071920010259 VTXK 19053 99042 10813 41597 59904 10380 20277 40177 54033 70322 85432 22233
200107190500  420  8130 040073 1 1VTXK       03623 21 97 32101774 330 380       277      554 532             165 29441992114 5                     2F7FF561111119A9A1AA7      276    12                    4                                              366                                                              99 0 BBXX01071920010259 VTXK 19053 99042 10813 41597 59904 10380 20277 40177 54033 70322 85432 22273
200107190600 1530  7320 040072 1 1VWXG       02903139 97 00100654  00 260       218      744 462             165 25753992114 5                     2F111111111111A1A1AA1      276    32                    4                                              366                                                              99 0 BBXX01071920010700 VWXG 19063 99153 10732 43497 72927 10260 20218 40065 54000 70002 84462 22272
200107190600 4890-16620 040073 1 1VTCN       02203 51 98 32100121 280  80        81      545 510             165 16186992114 5                     2F111131111111A3A1AA1      276    12                    4                                              366                                                              99 0 BBXX01071920010300 VTCN 19063 99489 71662 41598 52210 10080 20081 40012 51028 70322 84510 22273
200107191200  520  8250 040013 1 1VTXK       02603 67 97 30100834  00 290       250      339 511             165 29452992114 5                     2F111111111111A1A1AA1      276    20                    4                                              366                                                              99 0 BBXX01071920011000 VTXK 19123 99052 10825 42597 32613 10290 20250 40083 54000 70300 83911 22213
200107191200 1650  7280 040072 1 1VWXG       02903 92 96 20100103  30 260       233      631 302             165 25762992114 5                     2F111111114111A1A1AA1      276    31                    4                                              366                                                              99 0 BBXX01071920011311 VWXG 19123 99165 10728 43396 62918 10260 20233 40010 53003 70201 83102 22272
200107191700  610  8350 040013 1 1VTXK       03623 21 97 22100844  00 280       253      454 532             165 29463992114 5                     1F1FF111111111A1A4AA1      276    12                    4                                              366                                                              99 0 BBXX01071920011505 VTXK 19173 99061 10835 41597 49904 10280 20253 40084 54000 70222 85432 22213
200107191800 3600  -510 040023 1 1VTXG       02503123 97 20101677 250 260       233 1 200000 900             165 21365992114 5                     21111111111111A111AA1      276    10                    4                                              366                                                              99 0 BBXX01071920011505 VTXG 19183 99360 70051 41997 02524 10260 20233 40167 57025 70200 80000 22223 00200
200107200000 3620  -320 040023 1 1VTXG       03613  0 97 20101961 100 240       211 1 190000 900             165 21363992114 5                     11111111111111A111AA1      276    10                    4                                              366                                                              99 0 BBXX01071920012202 VTXG 20003 99362 70032 41997 00000 10240 20211 40196 51010 70200 80000 22223 00190
200107200600 4960-15850 040073 1 1VTCN       02203 57 98 32100911  50 100        81      70A 021             165 16298992114 5                     2F111111111111A1A1AA1      276    12                    4                                              366                                                              99 0 BBXX01072020010359 VTCN 20063 99496 71585 41098 72211 10100 20081 40091 51005 70322 80/21 22273
200107201200 1020  8480 040013 1 1VTXK       01903 51 97212100396 150 300       261      664 502             165 258 4992114 5                     2F111111111111A1A1AA1      276    12                    4                                              366                                                              99 0 BBXX01072020010904 VTXK 20123 99102 10848 41597 61910 10300 20261 40039 56015 72122 86402 22213 00/// 2////
200107201700 1140  8510 040013 1 1VTXK       03623 21 97 22100724  00 280       253      753 522             165 25815992114 5                     1F1FF111111111A1A1AA1      276    12                    4                                              366                                                              99 0 BBXX01072020011503 VTXK 20173 99114 10851 41597 79904 10280 20253 40072 54000 70222 85322 22213
200107210000 3700   300 040023 1 1VTXG       0 503 77 98 20101967  50 240       211 1 250000 900             165 21473992114 5                     11111111111111A111AA1      276    10                    4                                              366                                                              99 0 BBXX01072020012200 VTXG 21003 99370 10030 41998 00515 10240 20211 40196 57005 70200 80000 22223 00250 NNNN
200107210600 3570  1680 040034 1 1VVGG       03403 77 98 10101806 250 275       185      214 445             165 21556992114 5                     2F111111111111A1A1AA1      276    10                    4                                              366                                                              99 0 BBXX01072120010759 VVGG 21063 99357 10168 41498 23415 10275 20185 40180 56025 70100 81445 22234
200107211200 1800  7250 040033 1 1VWXG       02603 82 96 21100367  10 250       207      749 211             165 25782992114 5                     2F111111114111A1A1AA1      276    32                    4                                              366                                                              99 0 BBXX01072120011314 VWXG 21123 99180 10725 43296 72616 10250 20207 40036 57001 70212 84911 22233
200107211200 3520  1870 040034 1 1VVGG       03503 87 98 10101702  50 280       190      421 342             165 21558992114 5                     2F111111111111A1A1AA1      276    10                    4                                              366                                                              99 0 BBXX01072120011000 VVGG 21123 99352 10187 41398 43517 10280 20190 40170 52005 70100 82142 22234
200107211200 3750   600 040023 1 1VTXG       0 803103 97 20101964  00 260       233 1 240000 900             165 21476992114 5                     21111111111111A111AA1      276    10                    4                                              366                                                              99 0 BBXX01072120010859 VTXG 21123 99375 10060 41997 00820 10260 20233 40196 54000 70200 80000 22223 00240 NNNN
200107211800 3480  2060 040034 1 1VVGG       03403 77 98 10101606 100 250       170      321 441             165 21640992114 5                     1F111111111111A1A1AA1      276    10                    4                                              366                                                              99 0 BBXX01072120011959 VVGG 21183 99348 10206 41498 33415 10250 20170 40160 56010 70100 82141 22234
200107220000 1790  8720 040013 1 1VTXK       03623 21 97 22100194 900 280       253      646 579             165 25877992114 5                     2F1FF111111111A1A1AA7      276    12                    4                                              366                                                              99 0 BBXX01072120012200 VTXK 22003 99179 10872 41597 69904 10280 20253 40019 54090 70222 84679 22213
200107221200 1390  7310 040073 1 1ATJZ       03003103 96 05100627  20 295       183      756 170             165 25733992114 5                     2F111161114111A6A1AA1      276    12                    4                                              366                                                              99 0 BBXX01072220010859 ATJZ 22123 99139 10731 41196 73020 10295 20183 40062 57002 70052 85670 22273
200107221200 2040  8790 040013 1 1VTXK       02603 21 97 31100174  00 280       253      634 53A             165 222 7992114 5                     2F111111111111A1A1AA1      276    11                    4                                              366                                                              99 0 BBXX01072220010900 VTXK 22123 99204 10879 41597 62604 10280 20253 40017 54000 70311 8343/ 22213
200107221200 3330  2620 040034 1 1VVGG       02703 77 98 22101106 150 250       200      532 242             165 21636992114 5                     2F111111111111A1A1AA1      276    12                    4                                              366                                                              99 0 BBXX01072220011559 VVGG 22123 99333 10262 41298 52715 10250 20200 40110 56015 70222 83242 22234
200107230000 1140  7500 040033 1 1VWXG       02603 77 93150100664  00 230       216      639 511             165 25715992114 5                     1F111111111111A1A1AA1      276    32                    4                                              366                                                              99 0 BBXX01072320010300 VWXG 23003 99114 10750 43593 62615 10230 20216 40066 54000 71502 83911 22233
200107230000 1550  7100 040073 1 1ATJZ       02203 92 96 30100696  30 250       222      656 523             165 25751992114 5                     1F111111114111A1A1AA1      276    10                    4                                              366                                                              99 0 BBXX01072320010300 ATJZ 23003 99155 10710 41596 62218 10250 20222 40069 56003 70300 85623 22273
200107230000 1550  7100 040073 1 1VWXG       02203 92 96 30100696  30 250       222      656 523             165 25751992114 5                     1F111111114111A1A1AA1      276    10                    4                                              366                                                              99 0 BBXX01072320010300 VWXG 23003 99155 10710 41596 62218 10250 20222 40069 56003 70300 85623 22273
200107230000 2030  8850 040073 1 1ATIU       02403 41 96 32100746  60 320       294      666 02A             165 222 8992114 5                     2F311111114111A1A1AA1      276    15                    4                                              366                                                              99 0 BBXX01072220012201 ATIU 23003 99203 10885 41096 62408 10320 20294 40074 56006 70325 8662/ 22273
200107230600 1920  8940 040033 1 1ATIU       02403 51 96 32100252 220 300       287      888 0AA             165 25899992114 5                     2F111111114111A1A1AA1      276    15                    4                                              366                                                              99 0 BBXX01072320010300 ATIU 23063 99192 10894 41096 82410 10300 20287 40025 52022 70325 888// 22233
200107230600 2030  7000 040073 1 1VWWK       02403103 96 3210012    0 280                846 125             165 221 0992114 5                     2F1111F1114111AAA1AAA      276    12                    4                                              366                                                              99 0 BBXX01072320010300 VWWK 23063 99203 10700 41196 82420 10280 40012 70322 84625 22273
200107230600 3510  1620 040023 1 1VTXG       03303 41 97 20101514  00 280       253 1 265111 500             165 21556992114 5                     21111111111111A111AA1      276    10                    4                                              366                                                              99 0 BBXX01072320010259 VTXG 23063 99351 10162 41597 13308 10280 20253 40151 54000 70200 81100 22223 00265
200107231200 1710  6900 040073 1 1ATJZ       02903 98 96 26100397  40 270       229      823 170             165 25679992114 5                     2F111111114111A1A1AA1      276    12                    4                                              366                                                              99 0 BBXX01072320011200 ATJZ 23123 99171 10690 41196 82919 10270 20229 40039 57004 70262 82370 22273
200107231200 1780  8390 040053 1 1VWWY       02203 92 97 32100184  00 290       270      624 42A             165 25873992114 5                     2F111111111111A1A1AA1      276    12                    4                                              366                                                              99 0 BBXX01072320011000 VWWY 23123 99178 10839 41497 62218 10290 20270 40018 54000 70322 8242/ 22253
200107231200 2130  6940 040073 1 1VWWK       02403 77 96    9999    0 280                839 429             165 22019992114 5                     2F1111F111AA11AAA1AAA      276    2                     4                                              366                                                              99 0 BBXX01072320011200 VWWK 23123 99213 10694 42496 82415 10280 49999 83929 22273
200107231200 3470  1780 040023 1 1VTXG       03613  0 98 20101264  00 310       284 1 250000 900             165 21547992114 5                     21311111111111A111AA1      276    10                    4                                              366                                                              99 0 BBXX01072320010900 VTXG 23123 99347 10178 41998 00000 10310 20284 40126 54000 70200 80000 22223 00250
200107231200 3470  1780 040023 1 1VTXG       03613  0 98 20101264  03           284 1 2500   9               165 21547992114 5                     21F111F111111AA111AA1      276    10                    4                                              366                                                              99 0 BBXX01072320011100 VTXG 23123 99347 10178 41998 00000 20284 40126 54000 70200 22223 0025/
200107240000 3410  2080 040023 1 1VTXG       03403 51 97 20101267 100 280       253 1 250000 900             165 21640992114 5                     11111111111111A111AA1      276    10                    4                                              366                                                              99 0 BBXX01072320012102 VTXG 24003 99341 10208 41997 03410 10280 20253 40126 57010 70200 80000 22223 00250
200107240600 4690-12730 040073 1 1VTCN       03303 77 96422101967 140 140       105       9A AAA             165 16567992114 5                     1F111111113111A1A3AA1      276    14                    4                                              366                                                              99 0 BBXX01072420010302 VTCN 24063 99469 71273 41/96 /3315 10140 20105 40196 57014 74224 89/// 22273
200107241200 3350  2380 040023 1 1VTXG       03003123 97 10101114  00 310       277 1 250000 900             165 21633992114 5                     21531111111111A111AA1      276    10                    4                                              366                                                              99 0 BBXX01072420010959 VTXG 24123 99335 10238 41997 03024 10310 20277 40111 54000 70100 80000 22223 00250 NNNN
200107241800 3320  2520 040023 1 1VTXG       03003123 97 20101007 100 260       233 1 255331 600             165 21635992114 5                     11111111111111A111AA1      276    10                    4                                              366                                                              99 0 BBXX01072420011459 VTXG 24183 99332 10252 41697 33024 10260 20233 40100 57010 70200 83100 22223 00255 NNNN
200107241800 3380  2520 040023 1 1VTXG       0 203308    20101007 100               1 255 31 500             165 21635992114 5                     11F661F11A111AAA14AA1      276    10                    4                                              366                                                              99 0 BBXX01072420011705 VTXG 24183 99338 10252 41524 /0260 40100 57010 70200 83100 22223 00255
200107250000 2080  8790 040053 1 1VTXK       03303 67 97581100412 110 280       267      768 471             165 222 7992114 5                     2F112111111111A1A1AA1      276    15                    4                                              366                                                              99 0 BBXX01072420012201 VTXK 25003 99208 10879 41497 73313 10280 20267 40041 52011 75815 86871 22253 00/// 2////
200107250000 3300  2670 040023 1 1VTXG       03003123 97 31101114  00 240       211 1 25555A AAA             165 21636992114 5                     11111111111111A111AA1      276    11                    4                                              366                                                              99 0 BBXX01072420012100 VTXG 25003 99330 10267 41/97 53024 10240 20211 40111 54000 70311 85/// 22223 00255 NNNN
200107250600 2010  8690 040053 1 1VTXK       03303 21 97 30100324  00 300       274      888 47A             165 222 6992114 5                     2F111111111111A1A1AA1      276    12                    4                                              366                                                              99 0 BBXX01072520010405 VTXK 25063 99201 10869 41497 83304 10300 20274 40032 54000 70302 8887/ 22253
200107250600 2630  3460 040034 1 1VVGG       03303103 97 21100806  50 231                311 441             165 21764992114 5                     2F1111F1111111AAA1AA1      276    10                    4                                              366                                                              99 0 BBXX01072520010400 VVGG 25063 99263 10346 41497 33320 10231 40080 56005 70210 81141 22234
200107250600 3270  2820 040023 1 1VTXG       03103 51 97 20101084  00 290       264 1 260331 700             165 21628992114 5                     21111111111111A111AA1      276    10                    4                                              366                                                              99 0 BBXX01072520010300 VTXG 25063 99327 10282 41797 33110 10290 20264 40108 54000 70200 83100 22223 00260 NNNN
200107251200 2260  6910 040063 1 1VWWK       02603103 97   10005    0 280                742 482             165 22029992114 5                     2F1111F111AA11AAA1AAA      276    2                     4                                              366                                                              99 0 BBXX01072520010900 VWWK 25123 99226 10691 42497 72620 10280 40005 84282 22263
200107251800 1840  8470 040053 1 1VTXK       01903 26 97 30100304  00 270       243      887 472             165 25884992114 5                     1F111111111111A1A1AA1      276    14                    4                                              366                                                              99 0 BBXX01072520012159 VTXK 25183 99184 10847 41497 81905 10270 20243 40030 54000 70304 88772 22253
200107251800 3210  3100 040023 1 1VTXG       03103 51 97 20100864  00 280       253 1 260000 900             165 18121992114 5                     11111111111111A111AA1      276    10                    4                                              366                                                              99 0 BBXX01072520011509 VTXG 25183 99321 10310 41997 03110 10280 20253 40086 54000 70200 80000 22223 00260 NNNN
200107260000  940  8260 040013 1 1VWXG       02603 82 95 10100564  00 220       190      421 031             165 29492992114 5                     1F611111114111A1A1AA1      276    30                    4                                              366                                                              99 0 BBXX01072620010100 VWXG 26003 99094 10826 43095 42616 10220 20190 40056 54000 70100 82131 22213
200107260000 1750  8350 040053 1 1VTXK       0 103 36 97 22100577  30 280       267      776 472             165 25873992114 5                     2F111111111111A1A1AA1      276    12                    4                                              366                                                              99 0 BBXX01072520012205 VTXK 26003 99175 10835 41497 70107 10280 20267 40057 57003 70222 87672 22253
200107260000 2080  6970 040033 1 1VWWK       02003 46 96   10021    0 260                632 482             165 220 9992114 5                     1F1111F111AA11AAA1AAA      276    2                     4                                              366                                                              99 0 BBXX01072620010000 VWWK 26003 99208 10697 42496 62009 10260 40021 83282 22233
200107260600 1040  8200 040073 1 1VWXG       02603 92 98 20100654  00 270       214      421 451             165 258 2992114 5                     2F111111111111A1A1AA1      276    11                    4                                              366                                                              99 0 BBXX01072620010310 VWXG 26063 99104 10820 41498 42618 10270 20214 40065 54000 70201 82151 22273
200107260600 1990  7030 040033 1 1VWWK       02403103 97   10042    0 280                432 236             165 25790992114 5                     2F1111F111AA11AAA1AAA      276    2                     4                                              366                                                              99 0 BBXX01072620010310 VWWK 26063 99199 10703 42297 42420 10280 40042 83236 22233
200107261200 1900  3940 040034 1 1VVGG       02503 77 95102100504  00 340       270      534 342             165 25399992114 5                     2F111111111111A1A1AA1      276    12                    4                                              366                                                              99 0 BBXX01072620010959 VVGG 26123 99190 10394 41395 52515 10340 20270 40050 54000 71022 83442 22234
200107261200 1900  7090 040033 1 1VWWK       02503103 97   10036    0 280                845 382             165 25790992114 5                     2F1111F111AA11AAA1AAA      276    2                     4                                              366                                                              99 0 BBXX01072620011010 VWWK 26123 99190 10709 42397 82520 10280 40036 84582 22233
200107270600 1470  4220 040034 1 1VVGG       02303 26 95102100704  00 320       250      865 319             165 25442992114 5                     2F111111111111A1A1AA1      276    12                    4                                              366                                                              99 0 BBXX01072720011200 VVGG 27063 99147 10422 41395 82305 10320 20250 40070 54000 71022 86519 22234
200107270600 1600  7270 040033 1 1VWWK       02603 82 96 3110059    0 280                746 128             165 25762992114 5                     2F1111F1114111AAA1AAA      276    11                    4                                              366                                                              99 0 BBXX01072720010859 VWWK 27063 99160 10727 41196 72616 10280 40059 70311 84628 22233
200107271200 1490  7330 040033 1 1VWWK       02503103 9625610057    0 280                859 262             165 25743992114 5                     2F1111F1111111AAA1AAA      276    12                    4                                              366                                                              99 0 BBXX01072720011311 VWWK 27123 99149 10733 41296 82520 10280 40057 72562 85962 22233
200107271800 4600-12460 040073 1 1VTCN       02603 77 97 33101932 230 140       105      867 42A             165 16564992114 5                     2F111111111111A1A1AA1      276    12                    4                                              366                                                              99 0 BBXX01072720011506 VTCN 27183 99460 71246 41497 82615 10140 20105 40193 52023 70332 8672/ 22273
200107280000 1280  7450 040033 1 1VWWK       03613 62 9850610062    0 250                859 529             165 25724992114 5                     1F1111F1211111AAA1AAA      276    12                    4                                              366                                                              99 0 BBXX01072720012203 VWWK 28003 99128 10745 41598 80012 10250 40062 75062 85929 22233
200107280000 4570-12610 040073 1 1VTCN       02803 62 97 22101932  80 150       131      726 51A             165 16556992114 5                     2F111111111111A1A1AA1      276    12                    4                                              366                                                              99 0 BBXX01072720012059 VTCN 28003 99457 71261 41597 72812 10150 20131 40193 52008 70222 8261/ 22273
200107280600 1170  7500 040033 1 1VWWK       02403 51 96 3610080    0 255                856 120             165 25715992114 5                     2F1111F1114111AAA1AAA      276    12                    4                                              366                                                              99 0 BBXX01072820010400 VWWK 28063 99117 10750 41196 82410 10255 40080 70362 85620 22233
200107280600 1330  4790 040034 1 1VVGG       02203 77 98 22100754  00 330       260      754 539             165 25437992114 5                     2F111111111111A1A1AA1      276    12                    4                                              366                                                              99 0 BBXX01072820010900 VVGG 28063 99133 10479 41598 72215 10330 20260 40075 54000 70222 85439 22234
200107280600 2660  3480 040033 1 1VTXG       03003103 97 20100424  00 310       277 1 270000 900             165 21764992114 5                     21111111111111A111AA1      276    10                    4                                              366                                                              99 0 BBXX01072820010259 VTXG 28063 99266 10348 41997 03020 10310 20277 40042 54000 70200 800000 22233 00270 NNNN
200107281200  160  7560 040033 1 1VWWK       02403103 9652210071    0 240                869 359             165 29315992114 5                     2F4111F1111111AAA1AAA      276    12                    4                                              366                                                              99 0 BBXX01072820010959 VWWK 28123 99016 10756 41396 82420 10240 40071 75222 86959 22233
200107281200 2560  3570 040033 1 1VTXG       03003 77 97 20100017 200 340       302 1 280000 900             165 21755992114 5                     21311111111111A111AA1      276    10                    4                                              366                                                              99 0 BBXX01072820010901 VTXG 28123 99256 10357 41997 03015 10340 20302 40001 57020 70200 800000 22233 00280 NNNN
200107281800 1410  8270 040043 1 1VTXK       03623 21 97 22100614  30 270       257      553 522             165 25842992114 5                     1F1FF111111111A1A1AA7      276    12                    4                                              366                                                              99 0 BBXX01072820011502 VTXK 28183 99141 10827 41597 59904 10270 20257 40061 54003 70222 85322 22243
200107281800 2430  3640 040033 1 1VTXG       03003 51 97 20 99846 100 320       294 1 320000 900             165 21746992114 5                     11111211111111A111AA1      276    10                    4                                              366                                                              99 0 BBXX01072820011459 VTXG 28183 99243 10364 41997 03010 10320 20294 49984 56010 70200 800000 22233 00320 NNNN
200107281800 4450-13050 040073 1 1VTCN       03603 62 97 22102242 140 170       147      757 52A             165 16440992114 5                     2F111111111111A1A1AA1      276    12                    4                                              366                                                              99 0 BBXX01072820011600 VTCN 28183 99445 71305 41597 73612 10170 20147 40224 52014 70222 8572/ 22273
200107290000 1270  8270 040043 1 1VTXK       01903 21 98 22100634  00 290       277      532 510             165 25822992114 5                     1F111111111111A1A1AA1      276    12                    4                                              366                                                              99 0 BBXX01072820012201 VTXK 29003 99127 10827 41598 51904 10290 20277 40063 54000 70222 83210 22243
200107290000 2320  3710 040033 1 1VTXG       03003 51 97 20100046 150 330       291 1 330000 900             165 21737992114 5                     13111111111111A111AA1      276    10                    4                                              366                                                              99 0 BBXX01072820012100 VTXG 29003 99232 10371 41997 03010 10330 20291 40004 56015 70200 80000 22233 00330 NNNN
200107290600  900  9290 040033 1 1ATIU       02403 31 97 10100852 200 310       287      431 072             165 29592992114 5                     2F311111111111A1A1AA1      276    10                    4                                              366                                                              99 0 BBXX01072920010259 ATIU 29063 99090 10929 41097 42406 10310 20287 40085 52020 70100 83172 22233
200107290600 1210  8270 040043 1 1VTXK       0 303 21 97 22100814  00 300       274      532 622             165 25822992114 5                     2F111111111111A1A1AA1      276    12                    4                                              366                                                              99 0 BBXX01072920010259 VTXK 29063 99121 10827 41697 50304 10300 20274 40081 54000 70222 83222 22243
200107290600 1510  5490 040034 1 1VVGG       02203103 96101101151 100 270       240      424 541             165 25554992114 5                     2F111311111111A1A1AA1      276    11                    4                                              366                                                              99 0 BBXX01072920010800 VVGG 29063 99151 10549 41596 42220 10270 20240 40115 51010 71011 82441 22234
200107290600 2200  3780 040033 1 1VTXG       02503 77 97 22100042 300 340       302 1 320652 630             165 21727992114 5                     21111111111111A111AA1      276    12                    4                                              366                                                              99 0 BBXX01072920010300 VTXG 29063 99220 10378 41697 62515 10340 20302 40004 52030 70222 85230 22233 00320 NNNN
200107290600 4370-13340 040073 1 1VTCN       02803108 97 22102307 100 180       148      644 688             165 16433992114 5                     1F111111111111A1A1AA1      276    12                    4                                              366                                                              99 0 BBXX01072920010300 VTCN 29063 99437 71334 41697 62821 10180 20148 40230 57010 70222 84488 22273
200107291800 4290-13600 040072 1 1VTCN       02703154 96102102072  70 200       177      877 4AA             165 16426992114 5                     2F131111111111A1A1AA1      276    12                    4                                              366                                                              99 0 BBXX01072920011600 VTCN 29183 99429 71360 41496 82730 10200 20177 40207 52007 71022 877// 22272
200107300000 1860  3970 040033 1 1VTXG       01803 77 96 20100364  00 320       294 1 310000 900             165 25389992114 5                     11113111114111A111AA1      276    10                    4                                              366                                                              99 0 BBXX01072920012103 VTXG 30003 99186 10397 41996 01815 10320 20294 40036 54000 70200 80000 22233 00310 NNNN
200107300600  700  9390 040083 1 1ATIU       02403 31 96 32101052 140 300       287      746 08A             165 29573992114 5                     2F111111114111A1A1AA1      276    15                    4                                              366                                                              99 0 BBXX01073020010400 ATIU 30063 99070 10939 41096 72406 10300 20287 40105 52014 70325 8468/ 22283
200107300600 1750  4040 040033 1 1VTXG       01803 51 96 20100403 200 350       325 1 330000 900             165 25470992114 5                     21111111114111A111AA1      276    10                    4                                              366                                                              99 0 BBXX01073020010400 VTXG 30063 99175 10404 41996 01810 10350 20325 40040 53020 70200 80000 22233 00330
200107300600 4120-13760 040073 1 1VTCN       03203154 96 22102372 170 190       158      877 4AA             165 16417992114 5                     1F111111114111A1A1AA1      276    12                    4                                              366                                                              99 0 BBXX01073020010259 VTCN 30063 99412 71376 41496 83230 10190 20158 40237 52017 70222 877// 22273
200107301200 1630  4110 040033 1 1VTXG       03613  0 96 20100167 150 350       313 1 345000 900             165 25461992114 5                     23111111114111A111AA1      276    10                    4                                              366                                                              99 0 BBXX01073020010906 VTXG 30123 99163 10411 41996 00000 10350 20313 40016 57015 70200 80000 22233 00345
200107301800 1530  4170 040033 1 1VTXG       03613  0 96 22100283 200 340       289 1 340770 770             165 25451992114 5                     11111111114111A111AA1      276    12                    4                                              366                                                              99 0 BBXX01073020011600 VTXG 30183 99153 10417 41796 70000 10340 20289 40028 53020 70222 87070 22233 00340 NNNN
200107301800 3980-13970 040073 1 1VTCN       03403103 97 12102804  00 200       170      754 498             165 20099992114 5                     2F111111111111A1A1AA1      276    12                    4                                              366                                                              99 0 BBXX01073020011501 VTCN 30183 99398 71397 41497 73420 10200 20170 40280 54000 70122 85498 22273
200107310600  980  9280 040083 1 1ATIU       02403 26 97 10100997  30 310       287      531 08A             165 29592992114 5                     2F311111111111A1A1AA1      276    10                    4                                              366                                                              99 0 BBXX01073120010300 ATIU 31063 99098 10928 41097 52405 10310 20287 40099 57003 70100 8318/ 22283
200107310600 1830  6890 040024 1 1VVGG       02103 77 97 22101204  00 290       230      732 246             165 25688992114 5                     2F111311111111A1A1AA1      276    12                    4                                              366                                                              99 0 BBXX01073120011000 VVGG 31063 99183 10689 41297 72115 10290 20230 40120 54000 70222 83246 22224
200107310600 3910-14260 040073 1 1VTCN       0 103 72 96 32103141  40 190       158      867 32A             165 19992992114 5                     1F111111114111A1A1AA1      276    12                    4                                              366                                                              99 0 BBXX01073120010259 VTCN 31063 99391 71426 41396 80114 10190 20158 40314 51004 70322 8672/ 22273
200107311200 1230  4390 040023 1 1VTXG       03613  0 96 20100067 200 340       289 1 340000 900             165 25423992114 5                     23111111114111A111AA1      276    10                    4                                              366                                                              99 0 BBXX01073120011000 VTXG 31123 99123 10439 41996996 00000 10340 20289 40006 57020 70200 80000 22223 00340 NNNN
200107311200 1830  8450 040013 1 1VWWY       0 903 31 98 10100532  30 294       262      311 735             165 25884992114 5                     2F111111111111A1A1AA1      276    10                    4                                              366                                                              99 0 BBXX01073120011212 VWWY 31123 99183 10845 41798 30906 10294 20262 40053 52003 70100 81135 22213
200107311800 1240  4510 040023 1 1VTXG       0 503128 96 12100202 100 310       277 1 3309 A 8AA             165 25425992114 5                     11142111114111A114AA1      276    12                    4                                              366                                                              99 0 BBXX01073120011506 VTXG 31183 99124 10451 41896 90525 10310 20277 40020 52010 70122 8//// 22223 00330
200107311800 3830-14550 040073 1 1VTCN       0 103 72 98 11103062 150 210       180      631 568             165 19985992114 5                     2F111111111111A1A1AA1      276    11                    4                                              366                                                              99 0 BBXX01073120011506 VTCN 31183 99383 71455 41598 60114 10210 20180 40306 52015 70111 83168 22273
200108010000 1140  7510 040053 1 1VWWK       02303 41 9563210008    0 260                860 429             165 25715992114 5                     1F1114F1111111AAA1AAA      276    12                    4                                              366                                                              99 0 BBXX01073120012200 VWWK 01003 99114 10751 41495 82308 10260 40008 76322 86029 22253
