200105011800  990  6640 0400   1 1VTXG       03613  0 98 21100990  50 290       250      5   6               165 29296992114 5                     1F111111111111A1A1AA1      276    11                    4                                              366                                                              99 0 BBXX01050120011603 VTXG 01183 99099 10664 41698 50000 10290 20250 40099 50005 70211
200105011800  990  6640 040073 1 1VTXG       03613  0 98 21100990  50 290       250 1 315521 620             165 29296992114 5                     11111111111111A111AA1      276    11                    4                                              366                                                              99 0 BBXX01050120011603 VTXG 01183 99099 10664 41698 50000 10290 20250 40099 50005 70211 82120 22273 00315
200105020000  930  8370 040053 1 1VWWY       03613  0 98 30100772  50 290       218      418 841             165 29493992114 5                     1F111111111111A1A1AA1      276    10                    4                                              366                                                              99 0 BBXX01050120012359 VWWY 02003 99093 10837 41898 40000 10290 20218 40077 52005 70300 81841 22253
200105020000 1030  6500 0400   1 1VTXG       03613  0 98   100994  00 310       271      3   7               165 256 5992114 5                     1F11111111AA11A1A1AA1      276    1         0 0         4                                              366                                                              99 0 BBXX01050120012103 VTXG 02003 99103 10650 41798 30000 10310 20271 40099 54000 50000
200105020000 1030  6500 040073 1 1VTXG       03613  0 98 21100994  00 310       271 1 310322 710             165 256 5992114 5                     11111111111111A111AA1      276    11                    4                                              366                                                              99 0 BBXX01050120012103 VTXG 02003 99103 10650 41798 30000 10310 20271 40099 54000 50000 70211 82210 22273 00310
200105020600 1070  6370 0400   1 1VTXG       03003 26 98 21101200 100 320       281      4   6               165 256 3992114 5                     2F311111111111A1A1AA1      276    11                    4                                              366                                                              99 0 BBXX01050220010302 VTXG 02063 99107 10637 41698 43005 10320 20281 40120 50010 70211
200105020600 1070  6370 040073 1 1VTXG       03003 26 98 21101200 100 320       281 1 315442 600             165 256 3992114 5                     21311111111111A111AA1      276    11                    4                                              366                                                              99 0 BBXX01050220010302 VTXG 02063 99107 10637 41698 43005 10320 20281 40120 50010 70211 84200 22273 00315
200105021200 1100  6240 0400   1 1VTXG       03103 51 98 31100646 150 330       291      6   6               165 25612992114 5                     2F511111111111A1A1AA1      276    11                    4                                              366                                                              99 0 BBXX01050220011000 VTXG 02123 99110 10624 41698 63110 10330 20291 40064 56015 70311
200105021200 1100  6240 040073 1 1VTXG       03103 51 98 31100646 150 330       291 1 315642 620             165 25612992114 5                     21511111111111A111AA1      276    11                    4                                              366                                                              99 0 BBXX01050220011000 VTXG 02123 99110 10624 41698 63110 10330 20291 40064 56015 70311 84220 22273 00315
200105021800 1130  6140 0400   1 1VTXG       03103 26 97 21100903 150 270       229      4   6               165 25611992114 5                     1F111111111111A1A1AA1      276    11                    4                                              366                                                              99 0 BBXX01050220011459 VTXG 02183 99113 10614 41697 43105 10270 20229 40090 53015 70211
200105021800 1130  6140 040073 1 1VTXG       03103 26 97 21100903 150 270       229 1 31544A 6AA             165 25611992114 5                     13111111111111A111AA1      276    11                    4                                              366                                                              99 0 BBXX01050220011504 VTXG 02183 99113 10614 41697 43105 10270 20229 40090 53015 70211 84/// 22273 00315
200105030000 1980 15410 040043 1 1VVKK       01403 67 98 2010052    0 275                331 722             165 26594992114 5                     2F1114F1111111AAA1AAA      276    12                    4                                              366                                                              99 0 BBXX01050220012102 VVKK 03003 99198 11541 41798 31413 10275 40052 70202 83122 22243
200105030600 1210  5880 0400   1 1VTXG       02803 51 98 10101100  50 310       271      2   6               165 25528992114 5                     2F111111111111A1A1AA1      276    10                    4                                              366                                                              99 0 BBXX01050320010459 VTXG 03063 99121 10588 41698 22810 10310 20271 40110 50005 70100
200105030600 1210  5880 040073 1 1VTXG       02803 51 98 10101100  50 310       271 1 315222 600             165 25528992114 5                     21111111111111A111AA1      276    10                    4                                              366                                                              99 0 BBXX01050320010600 VTXG 03063 99121 10588 41698 22810 10310 20271 40110 50005 70100 82200 22273 00315
200105031200 1250  5740 0400   1 1VTXG       02803 41 98 10100506 100 350       313      1   8               165 25527992114 5                     2F711111111116A6A1AA1      276    10                    4                                              366                                                              99 0 BBXX01050320010959 VTXG 03123 99125 10574 41898 12808 10350 20313 40050 56010 70100
200105031200 1250  5740 040073 1 1VTXG       02803 41 98 10100506 100 350       313 1 315112 800             165 25527992114 5                     21711111111116A611AA1      276    10                    4                                              366                                                              99 0 BBXX01050320010959 VTXG 03123 99125 10574 41898 12808 10350 20313 40050 56010 70100 81200 22273 00315
200105031800 1280  5610 0400   1 1VTXG       02803 51 98 10100901  50 290       250      2   7               165 25526992114 5                     1F111111111111A1A1AA1      276    10                    4                                              366                                                              99 0 BBXX01050320011600 VTXG 03183 99128 10561 41798 22810 10290 20250 40090 51005 70100
200105031800 1280  5610 040073 1 1VTXG       02803 51 98 10100901  50 290       250 1 315212 701             165 25526992114 5                     11111111111111A111AA1      276    10                    4                                              366                                                              99 0 BBXX01050320011600 VTXG 03183 99128 10561 41798 22810 10290 20250 40090 51005 70100 81201 22273 00315
200105040000  720  7770 040073 1 1VWWY       02503 51 98 32100722 170 290       257      618 927             165 29377992114 5                     1F111111111111A1A1AA1      276    12                    4                                              366                                                              99 0 BBXX01050420010108 VWWY 04003 99072 10777 41998 62510 10290 20257 40072 52017 70322 81827 22273
200105040600 1340  5350 0400   1 1VTXG       02203 77 98 10100900  50 310       271      1   7               165 25533992114 5                     2F111111111111A1A1AA1      276    10                    4                                              366                                                              99 0 BBXX01050420010600 VTXG 04063 99134 10535 41798 12215 10310 20271 40090 50005 70100
200105040600 1340  5350 040063 1 1VTXG       02203 77 98 10100900  50 310       271 1 315112 701             165 25533992114 5                     21111111111111A111AA1      276    10                    4                                              366                                                              99 0 BBXX01050420010600 VTXG 04063 99134 10535 41798 12215 10310 20271 40090 50005 70100 81201 22263 00315
200105041200 1330  5230 0400   1 1VTXG       02203 62 97 20100407 150 325       293      1   8               165 25532992114 5                     2F111111111111A1A1AA1      276    10                    4                                              366                                                              99 0 BBXX01050420010959 VTXG 04123 99133 10523 41897 12212 10325 20293 40040 57015 70200
200105041200 1330  5230 040063 1 1VTXG       02203 62 97 20100407 150 325       293 1 320110 840             165 25532992114 5                     23111111111111A111AA1      276    10                    4                                              366                                                              99 0 BBXX01050420010959 VTXG 04123 99133 10523 41897 12212 10325 20293 40040 57015 70200 81040 22263 00320
200105041800 1310  5090 0400   1 1VTXG       01803103 97 21100701  50 290       250      6   8               165 25530992114 5                     1F113111111111A1A1AA1      276    11                    4                                              366                                                              99 0 BBXX01050420011459 VTXG 04183 99131 10509 41897 61820 10290 20250 40070 51005 70211
200105041800 1310  5090 040063 1 1VTXG       01803103 97 21100701  50 290       250 1 30566A 8AA             165 25530992114 5                     11113111111111A111AA1      276    11                    4                                              366                                                              99 0 BBXX01050420011503 VTXG 04183 99131 10509 41897 61820 10290 20250 40070 51005 70211 86/// 22263 00305
200105050000 1270  5700 040073 1 1VVGG       02603 41 97 22101054  00 285       210      531 322             165 25527992114 5                     1F111111111111A1A1AA1      276    12                    4                                              366                                                              99 0 BBXX01050420012302 VVGG 05003 99127 10570 41397 52608 10285 20210 40105 54000 70222 83122 22273
200105051200 1260  4700 0400   1 1VTXG       02603 62 97 22100708  50 310       271      8   5               165 25427992114 5                     2F111111111111A1A1AA1      276    11                    4                                              366                                                              99 0 BBXX01050520010902 VTXG 05123 99126 10470 41597 82612 10310 20271 40070 58005 70221
200105051200 1260  4700 040063 1 1VTXG       02603 62 97 22100708  50 310       271 1 305847 51A             165 25427992114 5                     21111111111111A111AA1      276    11                    4                                              366                                                              99 0 BBXX01050520010959 VTXG 05123 99126 10470 41597 82612 10310 20271 40070 58005 70221 8471/ 22263 00305
200105051200 1340  5360 040064 1 1VVGG       02303 62 98 11100706 350 340       260      119 300             165 25533992114 5                     2F511111111111A1A1AA1      276    11                    4                                              366                                                              99 0 BBXX01050520010959 VVGG 05123 99134 10536 41398 12312 10340 20260 40070 56035 70111 81900 22264
200105051800 1250  4560 0400   1 1VTXG       02203 51 97 21101003 100 290       250      4   6               165 25425992114 5                     1F111111111111A1A1AA1      276    11                    4                                              366                                                              99 0 BBXX01050520011502 VTXG 05183 99125 10456 41697 42210 10290 20250 40100 53010 70211
200105051800 1250  4560 040063 1 1VTXG       02203 51 97 21101003 100 290       250 1 30544A 6AA             165 25425992114 5                     11111111111111A111AA1      276    11                    4                                              366                                                              99 0 BBXX01050520011502 VTXG 05183 99125 10456 41697 42210 10290 20250 40100 53010 70211 84/// 22263 00305
200105060000 1300  5030 040064 1 1VVGG       02203 62 97 11100856 100 290       250      311 431             165 25530992114 5                     1F111111111111A1A1AA1      276    11                    4                                              366                                                              99 0 BBXX01050520012302 VVGG 06003 99130 10503 41497 32212 10290 20250 40085 56010 70111 81131 22264
200105060000 1610  9160 040033 1 1VWNS       01503 51 98152100576  30 305       272 1 275743 137             165 25961992114 5                     21111111111111A111AA1      276    12                    4                                              366                                                              99 0 BBXX01050520012302 VWNS 06003 99161 10916 41198 71510 10305 20272 40057 56003 71522 84337 22233 00275 2////
200105061200 1270  4690 040064 1 1VVGG       02503 77 98 11100906 200 310       220      322 230             165 25426992114 5                     2F131111111111A1A1AA1      276    11                    4                                              366                                                              99 0 BBXX01050620010859 VVGG 06123 99127 10469 41298 32515 10310 20220 40090 56020 70111 82230 22264
200105070000 1620  4120 0400   1 1VTXG       03613  0 97 21100804  00 290       250      5   7               165 25461992114 5                     1F111111111111A1A1AA1      276    11                    4                                              366                                                              99 0 BBXX01050620012100 VTXG 07003 99162 10412 41797 50000 10290 20250 40080 54000 70211
200105070000 1620  4120 040073 1 1VTXG       03613  0 97 21100804  00 290       250 1 300532 731             165 25461992114 5                     11111111111111A111AA1      276    11                    4                                              366                                                              99 0 BBXX01050620012102 VTXG 07003 99162 10412 41797 50000 10290 20250 40080 54000 70211 83231 22273 00300
200105070600 1730  4050 0400   1 1VTXG       03303 26 97 20101001 100 320       281      0   9               165 25470992114 5                     2F111111111111A1A1AA1      276    10                    4                                              366                                                              99 0 BBXX01050720010301 VTXG 07063 99173 10405 41997 03305 10320 20281 40100 51010 70200
200105070600 1730  4050 040073 1 1VTXG       03303 26 97 20101001 100 320       281 1 315000 900             165 25470992114 5                     21111111111111A111AA1      276    10                    4                                              366                                                              99 0 BBXX01050720010301 VTXG 07063 99173 10405 41997 03305 10320 20281 40100 51010 70200 80000 22273 00315
200105071200 1570  4180 040074 1 1VVGG       03203 51 97 11100752 150 320       250          A               165 25451992114 5                     2F111111111111A1A8AA1      276    11                    4                                              366                                                              99 0 BBXX01050720010959 VVGG 07123 99157 10418 41/97 /3210 10320 20250 40075 52015 70111 22274
200105071200 1840  3990 0400   1 1VTXG       03613  0 97 20100507 100 325       293          9               165 25389992114 5                     2F111111111111A1A8AA1      276    10                    4                                              366                                                              99 0 BBXX01050720010900 VTXG 07123 99184 10399 41997 /0000 10325 20293 40050 57010 70200
200105071200 1840  3990 040073 1 1VTXG       03613  0 97 20100507 100 325       293 1 315  A 9AA             165 25389992114 5                     21111111111111A118AA1      276    10                    4                                              366                                                              99 0 BBXX01050720010902 VTXG 07123 99184 10399 41997 /0000 10325 20293 40050 57010 70200 8//// 22273 00315
200105071800 1960  3920 0400   1 1VTXG       03303 51 96 20100702 100 290       250      0   9               165 25399992114 5                     1F111111114111A1A1AA1      276    10                    4                                              366                                                              99 0 BBXX01050720011600 VTXG 07183 99196 10392 41996 03310 10290 20250 40070 52010 70200
200105071800 1960  3920 040073 1 1VTXG       03303 51 96 20100702 100 290       250 1 315000 900             165 25399992114 5                     11111111114111A111AA1      276    10                    4                                              366                                                              99 0 BBXX01050720011502 VTXG 07183 99196 10392 41996 03310 10290 20250 40070 52010 70200 80000 22273 00315
200105080000  950  8440 040053 1 1ATJW       02103 26 97   100584  00 300       287      7   0               165 29494992114 5                     1F11111111AA11A1A1AA1      276    1                     4                                              366                                                              99 0 BBXX01050820010100 ATJW 08003 99095 10844 41097 72105 10300 20287 40058 54000 22253
200105080000  950  8440 040053 1 1ATJW       02103 26 97 22100584  00 300       287      774 024             165 29494992114 5                     1F111111111111A1A1AA1      276    12                    4                                              366                                                              99 0 BBXX01050720012302 ATJW 08003 99095 10844 41097 72105 10300 20287 40058 54000 70222 87424 22253
200105080000 2030  8870 040013 1 1ATIU       01703 31 97140100155  70 290       264      672 144             165 222 8992114 5                     2F111111111111A1A4AA1      276    11                    4                                              366                                                              99 0 BBXX01050720012302 ATIU 08003 99203 10887 41197 61706 10290 20264 40015 55007 71401 87244 22213
200105080600 2180  3790 0400   1 1VTXG       03203103 97 20101002 100 310       284      0   9               165 21717992114 5                     2F111111111111A1A1AA1      276    10                    4                                              366                                                              99 0 BBXX01050820010359 VTXG 08063 99218 10379 41997 03220 10310 20284 40100 52010 70200
200105080600 2180  3790 040073 1 1VTXG       03203103 97 20101002 100 310       284 1 295000 900             165 21717992114 5                     21111111111111A111AA1      276    10                    4                                              366                                                              99 0 BBXX01050820010302 VTXG 08063 99218 10379 41997 03220 10310 20284 40100 52010 70200 80000 22273 00295
200105081200 2090  3830 040073 1 1VVGG       03203103 97 11100956 200 310       240          A               165 217 8992114 5                     2F111111111111A1A8AA1      276    11                    4                                              366                                                              99 0 BBXX01050820010900 VVGG 08123 99209 10383 41/97 /3220 10310 20240 40095 56020 70111 22273
200105081200 2280  3730 0400   1 1VTXG       03403128 97 20100808 100 295       262      0   9               165 21727992114 5                     2F111111111111A1A1AA1      276    10                    4                                              366                                                              99 0 BBXX01050820011002 VTXG 08123 99228 10373 41997 03425 10295 20262 40080 58010 70200
200105081200 2280  3730 040073 1 1VTXG       03403128 97 20100808 100 295       262 1 300000 900             165 21727992114 5                     21111111111111A111AA1      276    10                    4                                              366                                                              99 0 BBXX01050820011000 VTXG 08123 99228 10373 41997 03425 10295 20262 40080 58010 70200 80000 22273 00300
200105081800 1690  9090 040033 1 1ATIU       02103 77 97 31100542 150 330       311      662 200             165 25960992114 5                     1F511111111111A1A1AA1      276    11                    4                                              366                                                              99 0 BBXX01050820011503 ATIU 08183 99169 10909 41297 62115 10330 20311 40054 52015 70311 86200 22233
200105081800 2390  3670 0400   1 1VTXG       03303128 97 20101102  50 290       250      0   9               165 21736992114 5                     1F111111111111A1A1AA1      276    10                    4                                              366                                                              99 0 BBXX01050820011559 VTXG 08183 99239 10367 41997 03325 10290 20250 40110 52005 70200
200105081800 2390  3670 040073 1 1VTXG       03303128 97 20101102  50 290       250 1 300000 900             165 21736992114 5                     11111111111111A111AA1      276    10                    4                                              366                                                              99 0 BBXX01050820011559 VTXG 08183 99239 10367 41997 03325 10290 20250 40110 52005 70200 80000 22273 00300 N
200105090000  480  8200 040053 1 1ATJW       02403 72 97 29100704  00 280       253      647 361             165 29442992114 5                     1F111111111111A1A1AA1      276    12                    4                                              366                                                              99 0 BBXX01050820012303 ATJW 09003 99048 10820 41397 62414 10280 20253 40070 54000 70292 84761 22253
200105090000 1590  9160 040033 1 1ATIU       0 403 51 97 30100432 130 340       321      421 135             165 25951992114 5                     2F711111111111A1A1AA1      276    11                    4                                              366                                                              99 0 BBXX01050820012203 ATIU 09003 99159 10916 41197 40410 10340 20321 40043 52013 70301 82135 22233
200105090000 2370  3670 040074 1 1VVGG       03203103 98 11101256  50 250       170          A               165 21736992114 5                     1F111111111111A1A8AA1      276    11                    4                                              366                                                              99 0 BBXX01050820012103 VVGG 09003 99237 10367 41/98 /3220 10250 20170 40125 56005 70111 22274
200105090600 1480  9240 040033 1 1ATIU       02703 72 97 22100427 330 325       293      887 400             165 25942992114 5                     2F311111111111A1A1AA1      276    12                    4                                              366                                                              99 0 BBXX01050920010302 ATIU 09063 99148 10924 41497 82714 10325 20293 40042 57033 70222 88700 22233
200105090600 1480  9250 040033 1 1ATIU       02703 72 97 22100427 330 325       293      887 400             165 25942992114 5                     2F311111111111A1A1AA1      276    12                    4                                              366                                                              99 0 BBXX01050920010703 ATIU 09063 99148 10925 41497 82714 10325 20293 40042 57033 70222 88700 22233
200105090600 2120  6570 040073 1 1ATJZ       02703 87 96 2210079    0 310       242      4 A 4AA             165 22015992114 5                     2F111111114111A1A1AAA      276    12                    4                                              366                                                              99 0 BBXX01050920010405 ATJZ 09063 99212 10657 41496 42717 10310 20242 40079 70222 8//// 22273
200105090600 2620  3520 0400   1 1VTXG       03303 77 97 20101201  50 270       243      0   9               165 21765992114 5                     2F111111111111A1A1AA1      276    10                    4                                              366                                                              99 0 BBXX01050920010405 VTXG 09063 99262 10352 41997 03315 10270 20243 40120 51005 70200
200105090600 2620  3520 040073 1 1VTXG       03303 77 97 20101201  50 270       243 1 260000 900             165 21765992114 5                     21111111111111A111AA1      276    10                    4                                              366                                                              99 0 BBXX01050920010405 VTXG 09063 99262 10352 41997 03315 10270 20243 40120 51005 70200 80000 22273 00260
200105100000  580  7860 040072 1 1ATJW       02303 62 97 10100674  00 270       263      433 042             165 29358992114 5                     1F111111111111A1A1AA1      276    16                    4                                              366                                                              99 0 BBXX01050920012300 ATJW 10003 99058 10786 41097 42312 10270 20263 40067 54000 70106 83342 22272
200105110000  810  7560 040072 1 1ATJW       02403 67 97 32100674  00 290       264      432 461             165 29385992114 5                     1F111111111111A1A1AA1      276    12                    4                                              366                                                              99 0 BBXX01051020012103 ATJW 11003 99081 10756 41497 42413 10290 20264 40067 54000 70322 83261 22272
200105110000  810  7560 040072 1 1ATJW       02403 67 97 32100674  00 290      -264      432 461             165 29385992114 5                     1F111161111111A9A1AA1      276    12                    4                                              366                                                              99 0 BBXX01051020012201 ATJW 11003 99081 10756 41497 42413 10290 21264 40067 54000 70322 83261 22272
200105120000 3230  3040 0400   1 1VTXG       03613  0 97 20101307 100 195       155      3   6               165 18120992114 5                     1F111111111111A1A1AA1      276    10                    4                                              366                                                              99 0 BBXX01051220010300 VTXG 12003 99323 10304 41697 30000 10195 20155 40130 57010 70200
200105120000 3230  3040 040073 1 1VTXG       03613  0 97 20101307 100 195       155 1 200311 630             165 18120992114 5                     11111111111111A111AA1      276    10                    4                                              366                                                              99 0 BBXX01051220010300 VTXG 12003 99323 10304 41697 30000 10195 20155 40130 57010 70200 81130 22273 00200 N
200105120000 3250  2970 040074 1 1VVGG       01603 31 97 22101456 200 190       120      733 222             165 21629992114 5                     1F111111111111A1A1AA1      276    12                    4                                              366                                                              99 0 BBXX01051120012101 VVGG 12003 99325 10297 41297 71606 10190 20120 40145 56020 70222 83322 22274
200105120600 3270  2880 0400   1 1VTXG       01503103 97 32101007 150 230       202      5   6               165 21628992114 5                     2F115111111111A1A1AA1      276    12                    4                                              366                                                              99 0 BBXX01051220010400 VTXG 12063 99327 10288 41697 51520 10230 20202 40100 57015 70322
200105120600 3270  2880 040063 1 1VTXG       01503103 97 32101007 150 230       202 1 190531 621             165 21628992114 5                     21115111111111A111AA1      276    12                    4                                              366                                                              99 0 BBXX01051220010302 VTXG 12063 99327 10288 41697 51520 10230 20202 40100 57015 70322 83121 22263 00190
200105120600 3300  2780 040074 1 1VVGG       01103128 97 22100807 300 200       170      755 31A             165 21637992114 5                     2F141111111111A1A1AA1      276    12                    4                                              366                                                              99 0 BBXX01051220010903 VVGG 12063 99330 10278 41397 71125 10200 20170 40080 57030 70222 8551/ 22274
200105121800 3340  2590 0400   1 1VTXG       02603 51 96 22100206 150 230       202      5   A               165 21635992114 5                     1F111411114111A1A1AA1      276    12                    4                                              366                                                              99 0 BBXX01051220011559 VTXG 12183 99334 10259 41/96 52610 10230 20202 40020 56015 70222
200105121800 3340  2590 040063 1 1VTXG       02603 51 96 22100206 150 230       202 1 18555A AAA             165 21635992114 5                     11111411114111A111AA1      276    12                    4                                              366                                                              99 0 BBXX01051220011559 VTXG 12183 99334 10259 41/96 52610 10230 20202 40020 56015 70222 85/// 22263 00185 N
200105130000 3380  2450 0400   1 1VTXG       03303144 95 32100606 200 230       202      7   4               165 21634992114 5                     1F114111114111A1A1AA1      276    12                    4                                              366                                                              99 0 BBXX01051220012100 VTXG 13003 99338 10245 41495 73328 10230 20202 40060 56020 70322
200105130000 3380  2450 040063 1 1VTXG       03303144 95 32100606 200 230       202 1 180758 42A             165 21634992114 5                     11114111114111A111AA1      276    12                    4                                              366                                                              99 0 BBXX01051220012102 VTXG 13003 99338 10245 41495 73328 10230 20202 40060 56020 70322 8582/ 22263 00180
200105130000 3440  2230 040074 1 1VVGG       03203103 97 22100952 200 170       120      743 29A             165 21642992114 5                     1F111111111111A1A1AA1      276    12                    4                                              366                                                              99 0 BBXX01051220012200 VVGG 13003 99344 10223 41297 73220 10170 20120 40095 52020 70222 8439/ 22274
200105130600 3410  2300 0400   1 1VTXG       02903128 96 12101102 150 190       166      7   5               165 21643992114 5                     2F111111114111A1A1AA1      276    12                    4                                              366                                                              99 0 BBXX01051320010359 VTXG 13063 99341 10230 41596 72925 10190 20166 40110 52015 70122
200105130600 3410  2300 040063 1 1VTXG       02903128 96 12101102 150 190       166 1 175742 581             165 21643992114 5                     21111111114111A111AA1      276    12                    4                                              366                                                              99 0 BBXX01051320010402 VTXG 13063 99341 10230 41596 72925 10190 20166 40110 52015 70122 84281 22263 00175
200105130600 3490  2020 040074 1 1VVGG       03003 77 97 22     2  50 200                741 32A             165 21640992114 5                     2F111FF11111A1AAA1AA1      276    12                    4                                              366                                                              99 0 BBXX01051320010859 VVGG 13063 99349 10202 41397 73015 102005 52005 70222 8412/ 22274
200105131200 3450  2140 0400   1 1VTXG       03103 77 97 22101102 100 220       175      4   5               165 21641992114 5                     2F111111111111A1A1AA1      276    12                    4                                              366                                                              99 0 BBXX01051320010859 VTXG 13123 99345 10214 41597 43115 10220 20175 40110 52010 70222
200105131200 3450  2140 040063 1 1VTXG       03103 77 97 22101102 100 220       175 1 180421 531             165 21641992114 5                     21111111111111A111AA1      276    12                    4                                              366                                                              99 0 BBXX01051320010903 VTXG 13123 99345 10214 41597 43115 10220 20175 40110 52010 70222 82131 22263 00180
200105131200 3450  2140 040063 1 1VTXG       03103 77 97 22101102 100 220   15  175 1 180421 531  3123  1598 165 21641992114 5                     211111114111119911491      276    12                    4                                              366                                                              99 0 BBXX01051320010903 VTXG 13123 99345 10214 41597 43115 10220 20175 40110 52010 70222 82131 22263 00180 N MZFL4 13123 99578 70112 41598 84015 10104 20088 40165 57010 70222 88500 22253 00113 20203 302// 40503 80096
200105131800 3490  1990 0400   1 1VTXG       03103 77 97 11101302 100 200       170      2   A               165 21549992114 5                     1F111111111111A1A1AA1      276    11                    4                                              366                                                              99 0 BBXX01051320011600 VTXG 13183 99349 10199 41/97 23115 10200 20170 40130 52010 70111
200105131800 3490  1990 040063 1 1VTXG       03103 77 97 11101302 100 200       170 1 18022A AAA             165 21549992114 5                     11111111111111A111AA1      276    11                    4                                              366                                                              99 0 BBXX01051320011502 VTXG 13183 99349 10199 41/97 23115 10200 20170 40130 52010 70111 82/// 22263 00180
200105140000 3530  1830 0400   1 1VTXG       03003 26 97 10101601  50 190       158      2   7               165 21558992114 5                     1F111111111111A1A1AA1      276    10                    4                                              366                                                              99 0 BBXX01051320012201 VTXG 14003 99353 10183 41797 23005 10190 20158 40160 51005 70100
200105140000 3530  1830 040063 1 1VTXG       03003 26 97 10101601  50 190       158 1 180220 702             165 21558992114 5                     11111111111111A111AA1      276    10                    4                                              366                                                              99 0 BBXX01051320012101 VTXG 14003 99353 10183 41797 23005 10190 20158 40160 51005 70100 82002 22263 00180
200105140600 3580  1630 0400   1 1VTXG       03003 26 98 10101902  50 190       158      0   9               165 21556992114 5                     2F111111111111A1A1AA1      276    10                    4                                              366                                                              99 0 BBXX01051420010402 VTXG 14063 99358 10163 41998 03005 10190 20158 40190 52005 70100
200105140600 3580  1630 040063 1 1VTXG       03003 26 98 10101902  50 190       158 1 180000 900             165 21556992114 5                     21111111111111A111AA1      276    10                    4                                              366                                                              99 0 BBXX01051420010402 VTXG 14063 99358 10163 41998 03005 10190 20158 40190 52005 70100 80000 22263 00180
200105141200 3610  1500 0400   1 1VTXG       03003 26 98 10102004  00 230       185      6   9               165 21565992114 5                     2F111111111111A1A1AA1      276    10                    4                                              366                                                              99 0 BBXX01051420010901 VTXG 14123 99361 10150 41998 63005 10230 20185 40200 54000 70100
200105141200 3610  1500 040063 1 1VTXG       03003 26 98 10102004  00 230       185 1 190624 902             165 21565992114 5                     21111111111111A111AA1      276    10                    4                                              366                                                              99 0 BBXX01051420010901 VTXG 14123 99361 10150 41998 63005 10230 20185 40200 54000 70100 82402 22263 00190
200105141200 3610  1500 040063 1 1VTXG       03003 26 98 10102004  00 2302 -13  185 1 190624 902  4124  1497 165 21565992114 5                     211111114111119911491      276    10               AAAAA4                                              366                                                              99 0 BBXX01051420011000 VTXG 14123 99361 10150 41998 63005 10230 20185 40200 54000 70100 82402 22263 00190 N KRLZ 14124 99370 70281 41497 82013 10195 2018/ 40078 58012 70222 886// 22264 00185 20503 3//// 4//// 5//// 6//// 80185 ICE /////
200105150000 3700  1190 0400   1 1VTXG       03613  0 98 10102004  00 190       158      6   9               165 21571992114 5                     1F111111111111A1A1AA1      276    10                    4                                              366                                                              99 0 BBXX01051420012201 VTXG 15003 99370 10119 41998 60000 10190 20158 40200 54000 70100
200105150000 3700  1190 040073 1 1VTXG       03613  0 98 10102004  00 190       158 1 175631 942             165 21571992114 5                     11111111111111A111AA1      276    10                    4                                              366                                                              99 0 BBXX01051420012201 VTXG 15003 99370 10119 41998 60000 10190 20158 40200 54000 70100 83142 22273 00175
200105150000 3700  1190 040073 1 1VTXG       03613  0 98 10102004  00 190       158 1 175631 942  50 0       165 21571992114 5                     11111111111111A1118A1      276    10                    4                                              366                                                              99 0 BBXX01051420012201 VTXG 15003 99370 10119 41998 60000 10190 20158 40200 54000 70100 83142 22273 00175 UEDL03 EDZW 150000
200105151200 4020   530 0400   1 1VVGG       02303 51 98   101606  50 270       190      6   2               165 178 5992114 5                     2F51111111AA11A1A1AA1      276    1                     4                                              366                                                              99 0 BBXX01051520011102 VVGG 15123 99402 10053 41298 62310 10270 20190 40160 56005
200105160000 3750   530 040063 1 1VTXG       03613  0 98 22101904  00 180       131 1 170877 62A             165 21475992114 5                     11111111111111A111AA1      276    12                    4                                              366                                                              99 0 BBXX01051520012103 VTXG 16003 99375 10053 41698 80000 10180 20131 40190 54000 70222 8772/ 22263 00170
200105161200 3700   200 0400   1 1VTXG       03613  0 98 22101704  00 200       175      7   6               165 21472992114 5                     2F111111111111A1A1AA1      276    12                    4                                              366                                                              99 0 BBXX01051620011103 VTXG 16123 99370 10020 41698 70000 10200 20175 40170 54000 70222
200105161200 3700   200 040063 1 1VTXG       03613  0 98 22101704  00 200       175      724 632             165 21472992114 5                     2F111111111111A1A1AA1      276    12                    4                                              366                                                              99 0 BBXX01051620011103 VTXG 16123 99370 10020 41698 70000 10200 20175 40170 54000 70222 82432 22263
200105161200 3700   200 040063 1 1VTXG       03613  0 98 22101704  00 200       175      724 632  6140       165 21472992114 5                     2F111111111111A1A17A1      276    12                    4                                              366                                                              99 0 BBXX01051620011103 VTXG 16123 99370 10020 41698 70000 10200 20175 40170 54000 70222 82432 22263 SNVD17 CWVR 161400
200105171200 3610  -470 0400   1 1VTXG       02503 51 97 21101704  00 220       175      4   8               165 21364992114 5                     2F111111111111A1A1AA1      276    11                    4                                              366                                                              99 0 BBXX01051720011000 VTXG 17123 99361 70047 41897 42510 10220 20175 40170 54000 70211
200105171200 3610  -470 040063 1 1VTXG       02503 51 97 21101704  00 220       175 1 165400 801             165 21364992114 5                     21111111111111A111AA1      276    11                    4                                              366                                                              99 0 BBXX01051720011002 VTXG 17123 99361 70047 41897 42510 10220 20175 40170 54000 70211 80001 22263 00165
200105180000 3470  -720 0400   1 1VTXG       02203 51 97 21101701  50 200       170      4   8               165 21347992114 5                     1F111111111111A1A1AA1      276    11                    4                                              366                                                              99 0 BBXX01051720012059 VTXG 18003 99347 70072 41897 42210 10200 20170 40170 51005 70211
200105180000 3470  -720 040053 1 1VTXG       02203 51 97 21101701  50 200       170 1 180400 801             165 21347992114 5                     11111111111111A111AA1      276    11                    4                                              366                                                              99 0 BBXX01051720012101 VTXG 18003 99347 70072 41897 42210 10200 20170 40170 51005 70211 80001 22253 00180
200105180000 3470  -720 040053 1 1VTXG       02203 51 97 21101701  50 200       170 1 180400 801  80 4  1998 165 21347992114 5                     11111111111111A111391      276    11                    4                                              366                                                              99 0 BBXX01051720012159 VTXG 18003 99347 70072 41897 42210 10200 20170 40170 51005 70211 80001 22253 00180 LADQ4 18004 99474 70080 41998 03010 10120 2008/ 40219 52019 70000
200105181200 3650  -770 0400   1 1VVGG       02603 51 97   101654  00 270       190      5   3               165 21367992114 5                     2F71111111AA11A1A1AA1      276    1                     4                                              366                                                              99 0 BBXX01051820011200 VVGG 18123 99365 70077 41397 52610 10270 20190 40165 54000
200105190100 1230  9320 0400   1 1ATIU       0270     97   10055    0 300       274      2   3               165 25923992114 5                     2F1FF11171AA11A1A1AAA      276    1                     4                                              366                                                              99 0 BBXX01051920010902 ATIU 19015 99123 10932 41397 22706 10300 20274 40055
200105200000 4400  -910 0400   1 1VVGG       0 403128 97   102402  50 150        80          2               165 17749992114 5                     1F11111111AA11A1A8AA1      276    1                     4                                              366                                                              99 0 BBXX01052020010302 VVGG 20003 99440 70091 41297 /0425 10150 20080 40240 52005
200105201200 1750  9060 0400   1 1ATIU       02603 51 97 20100227 300 330                222 201             165 25970992114 5                     2F5111F1111111AAA1AA1      276    10                    4                                              366                                                              99 0 BBXX01052020011400 ATIU 20123 99175 10906 41297 22610 10330 40022 57030 70200 82201
200105201800 3380  -810 0400   1 1VTXG       03403103 97 32101774  00 190       158      6   6               165 21338992114 5                     2F111111111111A1A1AA1      276    12                    4                                              366                                                              99 0 BBXX01052020011600 VTXG 20183 99338 70081 41697 63420 10190 20158 40177 54000 70322
200105201800 3380  -810 040013 1 1VTXG       03403103 97 32101774  00 190       158 1 190657 620             165 21338992114 5                     21111111111111A111AA1      276    12                    4                                              366                                                              99 0 BBXX01052020011504 VTXG 20183 99338 70081 41697 63420 10190 20158 40177 54000 70322 85720 22213 00190
200105210000 3470  -720 0400   1 1VTXG       03403 51 97 32101977  50 180       131      7   6               165 21347992114 5                     1F111111111111A1A1AA1      276    12                    4                                              366                                                              99 0 BBXX01052020012103 VTXG 21003 99347 70072 41697 73410 10180 20131 40197 57005 70322
200105210000 3470  -720 040013 1 1VTXG       03403 51 97 32101977  50 180       131 1 185761 611             165 21347992114 5                     11111111111111A111AA1      276    12                    4                                              366                                                              99 0 BBXX01052020012103 VTXG 21003 99347 70072 41697 73410 10180 20131 40197 57005 70322 86111 22213 00185
200105210000 3470  -720 040013 1 1VTXG       03403 51 97 32101977  50 180       131 1 185761 611  10 0       165 21347992114 5                     11111111111111A1118A1      276    12                    4                                              366                                                              99 0 BBXX01052020012202 VTXG 21003 99347 70072 41697 73410 10180 20131 40197 57005 70322 86111 22213 00185 SMVB17 RUHB 210000 CCA
200105210600 2360  3550 0400   1 1VTXK       03203108 97   101237 150 240       211      7   7               165 21735992114 5                     2F11111111AA11A1A1AA1      276    1                     4                                              366                                                              99 0 BBXX01052120010359 VTXK 21063 99236 10355 41797 73221 10240 20211 40123 57015
200105211200 3600  -460 0400   1 1VTXG       03613  0 97 10101874  00 200       170      0   9               165 21364992114 5                     2F111111111111A1A1AA1      276    10                    4                                              366                                                              99 0 BBXX01052120011000 VTXG 21123 99360 70046 41997 00000 10200 20170 40187 54000 70100
200105211200 3600  -460 040023 1 1VTXG       03613  0 97 10101874  00 200       170 1 175000 900             165 21364992114 5                     21111111111111A111AA1      276    10                    4                                              366                                                              99 0 BBXX01052120011001 VTXG 21123 99360 70046 41997 00000 10200 20170 40187 54000 70100 80000 22223 00175
200105211200 3600  -460 040023 1 1VTXG       03613  0 97 10101874  00 200       170 1 175000 900  1120       165 21364992114 5                     21111111111111A1117A1      276    10                    4                                              366                                                              99 0 BBXX01052120011001 VTXG 21123 99360 70046 41997 00000 10200 20170 40187 54000 70100 80000 22223 00175 USSU01 HSSS 211200
200105211800 2140  3790 0400   1 1VTXK       0 703108 97   10075    0 290       250      4   A               165 21717992114 5                     1F14111111AA11A1A1AAA      276    2                     4                                              366                                                              99 0 BBXX01052120011602 VTXK 21183 99214 10379 42/97 40721 10290 20250 40075
200105220000 3630  -160 040023 1 1VTXG       03613  0 97 10101854  00 190       158 1 175000 900             165 21361992114 5                     11111111111111A111AA1      276    10                    4                                              366                                                              99 0 BBXX01052120012102 VTXG 22003 99363 70016 41997 00000 10190 20158 40185 54000 70100 80000 22223 00175
200105220600 3660    20 0400   1 1VTXG       03613  0 98 22101864  00 230       185      5   4               165 21460992114 5                     2F111111111111A1A1AA1      276    12                    4                                              366                                                              99 0 BBXX01052220010359 VTXG 22063 99366 10002 41498 50000 10230 20185 40186 54000 70222
200105220600 3660    20 040023 1 1VTXG       03613  0 98 22101864  00 230       185 1 180524 410             165 21460992114 5                     21111111111111A111AA1      276    12                    4                                              366                                                              99 0 BBXX01052220010501 VTXG 22063 99366 10002 41498 50000 10230 20185 40186 54000 70222 82410 22223 00180
200105220600 3660    20 040023 1 1VTXG       03613  0 98 22101864  00 230       185 1 180524 410  2072       165 21460992114 5                     21111111111111A1119A1      276    12                    4                                              366                                                              99 0 BBXX01052220010403 VTXG 22063 99366 10002 41498 50000 10230 20185 40186 54000 70222 82410 22223 00180 SSVX03 LFPW 220726
200105230000 1120  9080 0400   1 1VWNS       02803 21 97 22100772  20 300       274      8   1               165 25910992114 5                     2F111111111111A1A1AA1      276    15                    4                                              366                                                              99 0 BBXX01052220012302 VWNS 23003 99112 10908 41197 82804 10300 20274 40077 52002 70225
200105230000 3730   520 040023 1 1VTXG       0 503 72 98 20101964  00 200       170 1 170110 510             165 21475992114 5                     11111111111111A111AA1      276    10                    4                                              366                                                              99 0 BBXX01052220012104 VTXG 23003 99373 10052 41598 10514 10200 20170 40196 54000 70200 81010 22223 00170
200105230600 1430  4220 0400   1 1VTXK       0 403 51 96   10078    0 360       283      6   6               165 25442992114 5                     2F51111111AA11A1A1AAA      276    1                     4                                              366                                                              99 0 BBXX01052320010302 VTXK 23063 99143 10422 41696 60410 10360 20283 40078
200105240000 1330  7390 0400   1 1ATJW       02403 92 94   10055    0 290       264      8   1               165 25733992114 5                     1F11111111AA11A1A1AAA      276    1                     4                                              366                                                              99 0 BBXX01052320012102 ATJW 24003 99133 10739 41194 82418 10290 20264 40055
200105240000 3690  1190 0400   1 1VTXG       03613  0 97 20     8  50 185       145      4   4               165 21561992114 5                     1F111F111111A1A1A1AA1      276    10                    4                                              366                                                              99 0 BBXX01052320012100 VTXG 24003 99369 10119 41497 40000 10185 20145 42010 58005 70200
200105240000 3690  1190 040033 1 1VTXG       03613  0 97 20     8  50 185       145 1 170443 400             165 21561992114 5                     11111F111111A1A111AA1      276    10                    4                                              366                                                              99 0 BBXX01052320012102 VTXG 24003 99369 10119 41497 40000 10185 20145 42010 58005 70200 84300 22233 00170
200105240600 3650  1350 0400   1 1VTXG       03613  0 96 20102005  90 220       190      8   4               165 21563992114 5                     2F111111114111A1A1AA1      276    10                    4                                              366                                                              99 0 BBXX01052420010300 VTXG 24063 99365 10135 41496 80000 10220 20190 40200 55009 70200
200105240600 3650  1350 040033 1 1VTXG       03613  0 96 20102005  90 220       190 1 180844 420             165 21563992114 5                     21111111114111A111AA1      276    10                    4                                              366                                                              99 0 BBXX01052420010301 VTXG 24063 99365 10135 41496 80000 10220 20190 40200 55009 70200 84420 22233 00180
200105241800 3570  1680 0400   1 1VTXG       01003103 96 22101664  00 210       180      7   4               165 21556992114 5                     1F111111114111A1A1AA1      276    12                    4                                              366                                                              99 0 BBXX01052420011602 VTXG 24183 99357 10168 41496 71020 10210 20180 40166 54000 70222
200105241800 3570  1680 040033 1 1VTXG       01003103 96 22101664  00 210       180 1 180777 42A             165 21556992114 5                     11111111114111A111AA1      276    12                    4                                              366                                                              99 0 BBXX01052420011602 VTXG 24183 99357 10168 41496 71020 10210 20180 40166 54000 70222 8772/ 22233 00180
200105250600 2490  5680 0400   1 1VTXF       0 503 41 98   10000    0 320       268      0   9               165 21946992114 5                     2F11111111AA11A1A1AAA      276    1                     4                                              366                                                              99 0 BBXX01052520010405 VTXF 25063 99249 10568 41998 00508 10320 20268 40000
200105250600 2490  5680 0400   1 1VTXF       0 503 41 98 00100004  00 320       268      0   9               165 21946992114 5                     2F111111111111A1A1AA1      276    10                    4                                              366                                                              99 0 BBXX01052520010400 VTXF 25063 99249 10568 41998 00508 10320 20268 40000 54000 70000
200105250600 3500  1970 0400   1 1VTXG       0 703128 96            0 210       180      7   4               165 21559992114 5                     2F121F1111AAA1A1A1AAA      276    1                     4                                              366                                                              99 0 BBXX01052520010502 VTXG 25063 99350 10197 41496 70725 10210 20180
200105250600 3500  1970 0400   1 1VTXG       0 703128 96 22101365 200 210       180      7   4               165 21559992114 5                     2F121111114111A1A1AA1      276    12                    4                                              366                                                              99 0 BBXX01052520010502 VTXG 25063 99350 10197 41496 70725 10210 20180 40136 55020 70222
200105250600 3500  1970 040033 1 1VTXG       0 703128 96 22101365 200 210       180 1 190770 42A             165 21559992114 5                     21121111114111A111AA1      276    12                    4                                              366                                                              99 0 BBXX01052520010502 VTXG 25063 99350 10197 41496 70725 10210 20180 40136 55020 70222 8702/ 22233 00190
200105251200 3470  2090 0400   1 1VTXG       0 803103 96 22101054  00 225       187      6   5               165 21640992114 5                     2F121111114111A1A1AA1      276    12                    4                                              366                                                              99 0 BBXX01052520011002 VTXG 25123 99347 10209 41596 60820 10225 20187 40105 54000 70222
200105251200 3470  2090 040033 1 1VTXG       0 803103 96 22101054  00 225       187 1 190633 51A             165 21640992114 5                     21121111114111A111AA1      276    12                    4                                              366                                                              99 0 BBXX01052520011002 VTXG 25123 99347 10209 41596 60820 10225 20187 40105 54000 70222 8331/ 22233 00190
200105251800 3430  2240 040033 1 1VTXG       01203103 96 22101104  00 210       180 1 200770 52A             165 21642992114 5                     11121111114111A111AA1      276    12                    4                                              366                                                              99 0 BBXX01052520011503 VTXG 25183 99343 10224 41596 71220 10210 20180 40110 54000 70222 8702/ 22233 00200
200105260000 1190  9000 0400   1 1VVKK       02803108 97 3010034    3 290                8   5               165 25910992114 5                     2F1111F1111111AAA1AAA      276     2                    1                                              366                                                              99 0 BBXX01052520012302 VVKK 26003 99119 10900 10597 82821 10290 20/// 40034 5//// 70302
200105260000 3390  2400 0400   1 1VTXG       01103 41 96 22101254  00 200       170      8   4               165 21634992114 5                     1F111111114111A1A1AA1      276    12                    4                                              366                                                              99 0 BBXX01052520012200 VTXG 26003 99339 10240 41496 81108 10200 20170 40125 54000 70222
200105260000 3390  2400 040033 1 1VTXG       01103 41 96 22101254  00 200       170 1 195876 42A             165 21634992114 5                     11111111114111A111AA1      276    12                    4                                              366                                                              99 0 BBXX01052520012101 VTXG 26003 99339 10240 41496 81108 10200 20170 40125 54000 70222 8762/ 22233 00195
200105260600 3340  2590 0400   1 1VTXG       01103 51 96 21101262  50 260       218      4   6               165 21635992114 5                     2F311111114111A1A1AA1      276    11                    4                                              366                                                              99 0 BBXX01052620010601 VTXG 26063 99334 10259 41696 41110 10260 20218 40126 52005 70211
200105260600 3340  2590 040033 1 1VTXG       01103 51 96 21101262  50 260       218 1 215440 621             165 21635992114 5                     21311111114111A111AA1      276    11                    4                                              366                                                              99 0 BBXX01052620010601 VTXG 26063 99334 10259 41696 41110 10260 20218 40126 52005 70211 84021 22233 00215
200105261200 3300  2730 040033 1 1VTXG       03003 26 96 20101261  20 300       274 1 230321 530             165 21637992114 5                     21711111114111A111AA1      276    10                    4                                              366                                                              99 0 BBXX01052620010902 VTXG 26123 99330 10273 41596 33005 10300 20274 40126 51002 70200 82130 22233 00230
200105261800 3260  2880 0400   1 1VTXG       0 803 51 96 21101264  00 270       236      5   5               165 21628992114 5                     1F311111114111A1A1AA1      276    11                    4                                              366                                                              99 0 BBXX01052620011500 VTXG 26183 99326 10288 41596 50810 10270 20236 40126 54000 70211
200105261800 3260  2880 040033 1 1VTXG       0 803 51 96 21101264  00 270       236 1 200540 520             165 21628992114 5                     11311111114111A111AA1      276    11                    4                                              366                                                              99 0 BBXX01052620011501 VTXG 26183 99326 10288 41596 50810 10270 20236 40126 54000 70211 84020 22233 00200
200105270000 3240  2950 0400   1 1VTXG       0 903 77 97 20101364  00 270       236      0   9               165 21629992114 5                     1F311111111111A1A1AA1      276    10                    4                                              366                                                              99 0 BBXX01052620012103 VTXG 27003 99324 10295 41997 00915 10270 20236 40136 54000 70200
200105270000 3240  2950 040033 1 1VTXG       0 903 77 97 20101364  00 270       236 1 200000 900             165 21629992114 5                     11311111111111A111AA1      276    10                    4                                              366                                                              99 0 BBXX01052620012103 VTXG 27003 99324 10295 41997 00915 10270 20236 40136 54000 70200 80000 22233 00200
200105271800 2090  6460 0400   1 1VTXK       0 203103 96   10008    0 290       264      4   A               165 220 4992114 5                     1F11411111AA11A1A1AAA      276    1                     4                                              366                                                              99 0 BBXX01052720011600 VTXK 27183 99209 10646 41/96 40220 10290 20264 40008
200105281200 1230  6790 0400   1 1VTXK       01203144 98    9968    0 300       274      4   7               165 25627992114 5                     2F16361111AA61A1A1AAA      276    1                     4                                              366                                                              99 0 BBXX01052820010902 VTXK 28123 99123 10679 41798 41228 10300 20274 49968
200105281200 1230  6790 0400   1 1VTXK       01203144 98 20 99687 10            274          7               165 25627992114 5                     2FF636F111116AA1A8AA1      276    10                                                                   366                                                              99 0 BBXX01052820011200 VTXK 28123 99123 10679 /1798 /1228 1/300 20274 49968 57010 70200
200105281800 2180  6700 0400   1 1VTXK       0 403108 97    99882 200 300       274      6   7               165 22017992114 5                     1F14221111AA11A1A1AA1      276    1                     4                                              366                                                              99 0 BBXX01052820011603 VTXK 28183 99218 10670 41797 60421 10300 20274 49988 52020
200105290000 2230  6820 0400   1 1VTXK       01203108 97    9983    0 290       277      7   3               165 22028992114 5                     1F14121111AA11A1A1AAA      276    1                     4                                              366                                                              99 0 BBXX01052820012202 VTXK 29003 99223 10682 41397 71221 10290 20277 49983
200105290600 2760  3390 0400   1 1VTXG       03203128 97 20101066 100 260       218      0   9               165 21773992114 5                     2F111111111111A1A1AA1      276    10                    4                                              366                                                              99 0 BBXX01052920010302 VTXG 29063 99276 10339 41997 03225 10260 20218 40106 56010 70200
200105290600 2760  3390 040033 1 1VTXG       03203128 97 20101066 100 260       218 1 245000 900             165 21773992114 5                     21111111111111A111AA1      276    10                    4                                              366                                                              99 0 BBXX01052920010302 VTXG 29063 99276 10339 41997 03225 10260 20218 40106 56010 70200 80000 22233 00245
200105291200 2660  3490 0400   1 1VTXG       03103144 97 20100557 150 310       271      0   9               165 21764992114 5                     2F111111111111A1A1AA1      276    10                    4                                              366                                                              99 0 BBXX01052920010959 VTXG 29123 99266 10349 41997 03128 10310 20271 40055 57015 70200
200105291200 2660  3490 040033 1 1VTXG       03103144 97 20100557 150 310       271 1 250000 900             165 21764992114 5                     21111111111111A111AA1      276    10                    4                                              366                                                              99 0 BBXX01052920011002 VTXG 29123 99266 10349 41997 03128 10310 20271 40055 57015 70200 80000 22233 00250
200105291800 2560  3570 040033 1 1VTXG       03613  0 97 20100461 100 270       236 1 215000 900             165 21755992114 5                     12111111111111A111AA1      276    10                    4                                              366                                                              99 0 BBXX01052920011504 VTXG 29183 99256 10357 41997 00000 10270 20236 40046 51010 70200 80000 22233 00215
200105300000 2440  3640 0400   1 1VTXG       02803 77 97 20100706  50 240       197      0   9               165 21746992114 5                     1F111111111111A1A1AA1      276    10                    4                                              366                                                              99 0 BBXX01052920012100 VTXG 30003 99244 10364 41997 02815 10240 20197 40070 56005 70200
200105300000 2440  3640 040023 1 1VTXG       02803 77 97 20100706  50 240       197 1 210000 900             165 21746992114 5                     16111111111111A111AA1      276    10                    4                                              366                                                              99 0 BBXX01052920012102 VTXG 30003 99244 10364 41997 02815 10240 20197 40070 56005 70200 80000 22223 00210
200105300600 2300  3720 0400   1 1VTXG       03003103 97 20100762  50 300       274      0   9               165 21737992114 5                     2F111111111111A1A1AA1      276    10                    4                                              366                                                              99 0 BBXX01053020010400 VTXG 30063 99230 10372 41997 03020 10300 20274 40076 52005 70200
200105300600 2300  3720 040023 1 1VTXG       03003103 97 20100762  50 300       274 1 265000 900             165 21737992114 5                     21111111111111A111AA1      276    10                    4                                              366                                                              99 0 BBXX01053020010401 VTXG 30063 99230 10372 41997 03020 10300 20274 40076 52005 70200 80000 22223 00265
200105301200 2110  9920 0400   1 1VWXG       01803 51 97    99751  80 300       274      5   5               165 22319992114 5                     1FDDDDD711AA11A1A1AA1  1   276    1                     4                                              366                                                              99 0 BBXX01053020011001 VWXG 30123 99211 10992 41597 51810 10300 20274 49975 51008
200105301200 2110  9920 0400   1 1VWXG       01803 51 97 00 99751  80 300       274      5   5               165 22319992114 5                     1FDDDDD7111111A1A1AA1  1   276    11                    4                                              366                                                              99 0 BBXX01053020011400 VWXG 30123 99211 10992 41597 51810 10300 20274 49975 51008 70001
200105301200 2200  3780 0400   1 1VTXG       03003123 97 20100567  50 330       291      0   9               165 21727992114 5                     2F331111111111A1A1AA1      276    10                    4                                              366                                                              99 0 BBXX01053020010910 VTXG 30123 99220 10378 41997 03024 10330 20291 40056 57005 70200
200105301200 2200  3780 040033 1 1VTXG       03003123 97 20100567  50 330       291 1 290000 900             165 21727992114 5                     21331111111111A111AA1      276    10                    4                                              366                                                              99 0 BBXX01053020010910 VTXG 30123 99220 10378 41997 03024 10330 20291 40056 57005 70200 80000 22233 00290
200105301800 2070  3850 0400   1 1VTXG       03203 26 97 20100662  50 290       250      0   9               165 217 8992114 5                     1F111111111111A1A1AA1      276    10                    4                                              366                                                              99 0 BBXX01053020011500 VTXG 30183 99207 10385 41997 03205 10290 20250 40066 52005 70200
200105301800 2070  3850 040033 1 1VTXG       03203 26 97 20100662  50 290       250 1 300000 900             165 217 8992114 5                     11111111111111A111AA1      276    10                    4                                              366                                                              99 0 BBXX01053020011507 VTXG 30183 99207 10385 41997 03205 10290 20250 40066 52005 70200 80000 22233 00300
200105310000 1970  3920 0400   1 1VTXG       03203 26 97 20100664  00 300       267      0   9               165 25399992114 5                     1F111111111111A1A1AA1      276    10                    4                                              366                                                              99 0 BBXX01053020012100 VTXG 31003 99197 10392 41997 03205 10300 20267 40066 54000 70200
200105310000 1970  3920 040033 1 1VTXG       03203 26 97 20100664  00 300       267 1 295000 900             165 25399992114 5                     11111111111111A111AA1      276    10                    4                                              366                                                              99 0 BBXX01053020012101 VTXG 31003 99197 10392 41997 03205 10300 20267 40066 54000 70200 80000 22233 00295
200105310600 1810  9010 0400   1 1ATIU       02403 57 97   10034    0 340       294      2   2               165 25980992114 5                     2F71111111AA11A1A1AAA      276    1                     4                                              366                                                              99 0 BBXX01053120010301 ATIU 31063 99181 10901 41297 22411 10340 20294 40034
200105310600 1850  3980 0400   1 1VTXG       03403 51 97 20100862 100 300       274      0   9               165 25389992114 5                     2F111111111111A1A1AA1      276    10                    4                                              366                                                              99 0 BBXX01053120010301 VTXG 31063 99185 10398 41997 03410 10300 20274 40086 52010 70200
200105310600 1850  3980 040033 1 1VTXG       03403 51 97 20100862 100 300       274 1 315000 900             165 25389992114 5                     21111111111111A111AA1      276    10                    4                                              366                                                              99 0 BBXX01053120010301 VTXG 31063 99185 10398 41997 03410 10300 20274 40086 52010 70200 80000 22233 00315
200105311200 1740  4050 0400   1 1VTXG       03403 26 97 20100168 200 360       323      0   9               165 25470992114 5                     2F511111111111A1A1AA1      276    10                    4                                              366                                                              99 0 BBXX01053120010901 VTXG 31123 99174 10405 41997 03405 10360 20323 40016 58020 70200
200105311200 1740  4050 040033 1 1VTXG       03403 26 97 20100168 200 360       323 1 320000 900             165 25470992114 5                     21511111111111A111AA1      276    10                    4                                              366                                                              99 0 BBXX01053120010901 VTXG 31123 99174 10405 41997 03405 10360 20323 40016 58020 70200 80000 22233 00320
200105311200 3690   240 0400   1 1VVGG       03303 51 96   101756  50 240       180          A               165 21462992114 5                     2F11111111AA11A1A8AA1      276    1                     4                                              366                                                              99 0 BBXX01053120011504 VVGG 31123 99369 10024 41/96 /3310 10240 20180 40175 56005
200105311800 1620  4110 0400   1 1VTXG       03403 26 97 20100465  50 320       281      0   9               165 25461992114 5                     1F111111111111A1A1AA1      276    10                    4                                              366                                                              99 0 BBXX01053120011500 VTXG 31183 99162 10411 41997 03405 10320 20281 40046 55005 70200
200105311800 1620  4110 040033 1 1VTXG       03403 26 97 20100465  50 320       281 1 330000 900             165 25461992114 5                     13111111111111A111AA1      276    10                    4                                              366                                                              99 0 BBXX01053120011504 VTXG 31183 99162 10411 41997 03405 10320 20281 40046 55005 70200 80000 22233 00330
200106010000 1220  9000 0400   1 1VWNS       01703 10 97   100172  90 295       256      5   2               165 25920992114 5                     2F11111111AA11A1A1AA1      276    1                     4                                              366                                                              99 0 BBXX01053120012300 VWNS 01003 99122 10900 41297 51702 10295 20256 40017 52009
200106010000 1510  4190 0400   1 1VTXG       03613  0 97 20100464  00 340       302      0   9               165 25451992114 5                     1F111111111111A1A1AA1      276    10                    4                                              366                                                              99 0 BBXX01053120012102 VTXG 01003 99151 10419 41997 00000 10340 20302 40046 54000 70200
200106010000 1510  4190 040033 1 1VTXG       03613  0 97 20100464  00 340       302 1 330000 900             165 25451992114 5                     11111111111111A111AA1      276    10                    4                                              366                                                              99 0 BBXX01053120012102 VTXG 01003 99151 10419 41997 00000 10340 20302 40046 54000 70200 80000 22233 00330
