200108010000 1280  4890 040063 1 1VTXG       01803 62 98 22100598 150 310       284 1 300660 930             165 25428992114 5                     11111111111111A111AA1      276    12                    4                                              366                                                              99 0 BBXX01080120010046 VTXG 01003 99128 10489 41998 61812 10310 20284 40059 58015 70222 86030 22263 00300
200108011200 1370  4940 040023 1 1VTXG       02603103 97 20100467 150 340       289 1 330300 801             165 25439992114 5                     23311111111111A111AA1      276    10                    4                                              366                                                              99 0 BBXX01080120011326 VTXG 01123 99137 10494 41897 32620 10340 20289 40046 57015 70200 80001 22223 00330
200108011800 1320  4810 040023 1 1VTXG       02703283 97            0               1 3202   8               165 25438992114 5                     11F71FF111AAAAAA11AAA      276    1                     4                                              366                                                              99 0 BBXX01080120010525 VTXG 01183 99132 10481 41897 22755 5/5/5 5 10340 20289 40076 52020 70200 82030 22223 00320
200108011800 1420  5040 040023 1 1VTXG       02603128 97 20100662 200 280       252 1 280100 900             165 25540992114 5                     11131111111111A111AA1      276    10                    4                                              366                                                              99 0 BBXX01080120011726 VTXG 01183 99142 10504 41997 12625 10280 20252 40066 52020 70200 80000 22223 00280 NNNN
200108020000 1470  5160 040013 1 1VTXG       02603103 97 20100864  00 260       233 1 270200 90A             165 25541992114 5                     11111111111111A111AA1      276    10                    4                                              366                                                              99 0 BBXX01080220010125 VTXG 02003 99147 10516 41997 22620 10260 20233 40086 54000 70200 8000/ 22213 00270 NNNN
200108020000 1800  6770 040033 1 1ATJZ       01803113 96 02100787 120 240       211 1 260847 330             165 25687992114 5                     11211111114111A111AA1      276    12                    4                                              366                                                              99 0 BBXX01080220010125 ATJZ 02003 99180 10677 41396 81822 10240 20211 40078 57012 70022 84730 22233 00260
200108020600 1510  5270 040013 1 1VTXG       0220     96 50100942 100 280       253 1 260  A 9AA             165 25552992114 5                     211FF111711111A118AA1      276    10                    4                                              366                                                              99 0 BBXX01080220010526 VTXG 0206 99151 10527 41996 /2225 10280 20253 40094 52010 70500 8//// 22213 00260
200108021200 1570  5380 040013 1 1VTXG       02003108 97 10100667 150 250       215 1 240000 900             165 25553992114 5                     21111111111111A111AA1      276    10                    4                                              366                                                              99 0 BBXX01080220011325 VTXG 02123 99157 10538 41997 02021 10250 20215 40066 57015 70100 80000 22213 00240 NNNN
200108021800 1620  5500 040013 1 1VTXG       02203128 97 20100682 150 250       215 1 240000 900             165 25565992114 5                     11111111111111A111AA1      276    10                    4                                              366                                                              99 0 BBXX01080220011725 VTXG 02183 99162 10550 41997 02225 10250 20215 40068 52015 70200 80000 22213 00240 NNNN
200108030000 1280  6880 040063 1 1VTXK       02803164 96 22100904  00 250       233      787 121             165 25628992114 5                     1F111111114111A1A3AA1      276    12                    4                                              366                                                              99 0 BBXX01080320010125 VTXK 03003 99128 10688 41196 72832 10250 20233 40090 54000 70222 88721 22263
200108030000 1670  5620 040013 1 1VTXG       02203108 97 31100766  50 250       215 1 245770 930             165 25566992114 5                     11111111111111A111AA1      276    11                    4                                              366                                                              99 0 BBXX01080220012125 VTXG 03003 99167 10562 41997 72221 10250 20215 40076 56005 70311 87030 22213 00245 NNNN
200108030000 3510-15780 040073 1 1VTCN       0 703 77 98 30103566  60 250       222      531 441             165 19857992114 5                     2F111311111111A1A1AA1      276    10                    4                                              366                                                              99 0 BBXX01080220012125 VTCN 03003 99351 71578 41498 50715 10250 20222 40356 56006 70300 83141 22273
200108030600 1320  6800 040063 1 1VTXK       02703 31 96290100804  00 270       243      885 576             165 25638992114 5                     2F111111111111A1A1AA1      276    19                    4                                              366                                                              99 0 BBXX01080320010525 VTXK 03063 99132 10680 41596 82706 10270 20243 40080 54000 72909 88576 22263
200108030600 1730  5730 040013 1 1VTXG       02203128 97 20100560  00 290       264 1 250100 901             165 25577992114 5                     21111111111111A111AA1      276    10                    4                                              366                                                              99 0 BBXX01080320010525 VTXG 03063 99173 10573 41997 12225 10290 20264 40056 50000 70200 80001 22213 00250 NNNN
200108031200 1340  6710 040063 1 1VTXK       02703123 96 35100584  00 240       225      847 57A             165 25637992114 5                     2F411111114111A1A1AA1      276    12                    4                                              366                                                              99 0 BBXX01080320011325 VTXK 03123 99134 10671 41596 82724 10240 20225 40058 54000 70352 8477/ 22263
200108031800 1830  5970 040013 1 1VTXG       02203128 97 22100362 150 250       215 1 240776 500             165 25589992114 5                     11111111111111A111AA1      276    12                    4                                              366                                                              99 0 BBXX01080320011726 VTXG 03183 99183 10597 41597 72225 10250 20215 40036 52015 70222 87600 22213 00240
200108040000 1350  6530 040062 1 1VTXK       02403154 96 32100842  50 260       233      886 57A             165 25635992114 5                     1F111111114111A1A1AA1      276    12                    4                                              366                                                              99 0 BBXX01080420010126 VTXK 04003 99135 10653 41596 82430 10260 20233 40084 52005 70322 8867/ 22262
200108040000 3370-16320 040073 1 1VTCN       0 803 77 97 31103467  40 255       234      532 569             165 19733992114 5                     2F111511111111A1A1AA1      276    11                    4                                              366                                                              99 0 BBXX01080320012125 VTCN 04003 99337 71632 41597 50815 10255 20234 40346 57004 70311 83269 22273
200108041200 1990  6320 040013 1 1VTXG       02203103 97 22100464  00 260       233 1 280777 600             165 25693992114 5                     21111111111111A111AA1      276    12                    4                                              366                                                              99 0 BBXX01080420011325 VTXG 04123 99199 10632 41697 72220 10260 20233 40046 54000 70222 87700 22213 00280 NNNN
200108050000 1360  6160 040062 1 1VTXK       02303154 97 22100177  30 250       222      867 52A             165 25631992114 5                     1F111111111111A1A1AA1      276    12                    4                                              366                                                              99 0 BBXX01080520010126 VTXK 05003 99136 10616 41597 82330 10250 20222 40017 57003 70222 8672/ 22262
200108050000 2090  6570 040013 1 1VTXG       02303 77 97 22100864  00 240       211 1 260877 600             165 220 5992114 5                     11211111111111A111AA1      276    12                    4                                              366                                                              99 0 BBXX01080420012125 VTXG 05003 99209 10657 41697 82315 10240 20211 40086 54000 70222 87700 22213 00260 NNNN
200108050000 3230-16850 040073 1 1VTCN       0 803 77 97 10102947  60 285       251      421 641             165 19728992114 5                     2F111111111111A1A1AA1      276    10                    4                                              366                                                              99 0 BBXX01080520010126 VTCN 05003 99323 71685 41697 40815 10285 20251 40294 57006 70100 82141 22273
200108050600 1360  6070 040062 1 1VTXK       02703231 97290100174  30 250       274      785 576             165 25630992114 5                     2F1511F1111118A8A3AA7      276    19                    4                                              366                                                              99 0 BBXX01080520010525 VTXK 05063 99136 10607 41597 72745 10250 20274 40017 54003 72909 88576 22262
200108050600 2150  6680 040013 1 1VTXG       02203 77 97 22100860  00 240       211 1 250880 810             165 22016992114 5                     21211111111111A111AA1      276    12                    4                                              366                                                              99 0 BBXX01080520010525 VTXG 05063 99215 10668 41897 82215 10240 20211 40086 50000 70222 88010 22213 00250 GONZOLES CS/WLM/D/04/19 9/NR/11 9/1 6/NR/ TBRG1 6
200108050600 3190-16980 040073 1 1VTCN       0 703 51 97 22102816  50 260       233      655 64A             165 19719992114 5                     1F111111111111A1A1AA1      276    12                    4                                              366                                                              99 0 BBXX01080520010525 VTCN 05063 99319 71698 41697 60710 10260 20233 40281 56005 70222 8554/ 22273
200108060000  580  8320 040013 1 1ATJZ       02503 77 97 12101106 200 250       222      658 511             165 29453992114 5                     1F211111111111A1A1AA1      276    12                    4                                              366                                                              99 0 BBXX01080620010125 ATJZ 06003 99058 10832 41597 62515 10250 20222 40110 56020 70122 85811 22213
200108060000 1340  5760 040063 1 1VTXK       02003154 97 22101007  10 240       226      665 576             165 25537992114 5                     1F111111111111A1A1AA1      276    12                    4                                              366                                                              99 0 BBXX01080620010125 VTXK 06003 99134 10576 41597 62030 10240 20226 40100 57001 70222 86576 22263
200108060600 1340  5640 040063 1 1VTXK       02003180 96290101014  10 250       222      685 57A             165 25536992114 5                     2F111111111111A1A3AA7      276    19                    4                                              366                                                              99 0 BBXX01080620010926 VTXK 06063 99134 10564 41596 62035 10250 20222 40101 54001 72909 8857/ 22263
200108060600 3050-17480 040073 1 1VTCN       0 803 46 97 20102486  20 270       257      323 560             165 196 4992114 5                     2F111111111111A1A1AA1      276    10                    4                                              366                                                              99 0 BBXX01080620010525 VTCN 06063 99305 71748 41597 30809 10270 20257 40248 56002 70200 82360 22273
200108070000 1070  8160 040073 1 1ATJZ       02603 62 97 32100716 240 270       243      648 472             165 258 1992114 5                     1F111111111111A1A1AA1      276    12                    4                                              366                                                              99 0 BBXX01080720010126 ATJZ 07003 99107 10816 41497 62612 10270 20243 40071 56024 70322 84872 22273
200108070000 1320  5310 040063 1 1VTXK       01803195 95 22100304  00 250       207      765 557             165 25533992114 5                     1F115111114111A1A1AA1      276    12                    4                                              366                                                              99 0 BBXX01080720010126 VTXK 07003 99132 10531 41595 71838 10250 20207 40030 54000 70222 86557 22263
200108070600 2900-17970 040053 1 1VTCN       01003 62 97 20102327 140 280       267      223 700             165 23299992114 5                     2F111111111111A1A1AA1      276    10                    4                                              366                                                              99 0 BBXX01080720010526 VTCN 07063 99290 71797 41797 21012 10280 20267 40232 57014 70200 82300 22253
200108080600 2760 17550 040053 1 1VTCN       0 903 62 98 31102387  80 290       264      523 660             165 23175992114 5                     2F111111111111A1A1AA1      276    12                    4                                              366                                                              99 0 BBXX01080820010526 VTCN 08063 99276 11755 41698 50912 10290 20264 40238 57008 70312 82360 22253 B/RGDS
200108081800  730  7820 040064 1 1VVGG       02303103 97 22101252 200 250       200      743 446             165 29378992114 5                     1F111111111111A1A1AA1      276    12                    4                                              366                                                              99 0 BBXX01080920010126 VVGG 08183 99073 10782 41497 72320 10250 20200 40125 52020 70222 84346 22264
200108090600 2600 17090 040053 1 1VTCN       0 903 57 98 10102244  00 300       287      220 620             165 23160992114 5                     2F111111111111A1A1AA1      276    10                    4                                              366                                                              99 0 BBXX01080920010525 VTCN 09063 99260 11709 41698 20911 10300 20287 40224 54000 70100 82020 22253 B/RGDS
200108091800  890  7200 040064 1 1VVGG       02903 77 97 22101552 150 280       200      7   3               165 29382992114 5                     1F111321111111A1A1AA1      276    12                    4                                              366                                                              99 0 BBXX01080920012126 VVGG 09183 99089 10720 41397 72915 10280 20200 40155 52015 70222 22264
200108100600  970  6890 0400   1 1VVGG       02903 77 97 22101504  00 285       225      741 436             165 29298992114 5                     2F111111111111A1A1AA1      276    12                    4                                              366                                                              99 0 BBXX01081020010926 VVGG 10063 99097 10689 41497 72915 10285 20225 40150 54000 70222 84136
200108100600  970  6890 040064 1 1VVGG       02903 77 97 22101504  00 285       225      741 436             165 29298992114 5                     2F111111111111A1A1AA1      276    12                    4                                              366                                                              99 0 BBXX01081020010926 VVGG 10063 99097 10689 41497 72915 10285 20225 40150 54000 70222 84136 22264
200108101800 1950  7050 040033 1 1VTXG       02203103 97 22100881 100 280       253 1 25088A 4AA             165 25790992114 5                     12111111111111A111AA1      276    12                    4                                              366                                                              99 0 BBXX01081020011726 VTXG 10183 99195 10705 41497 82220 10280 20253 40088 51010 70222 88/// 22233 00250 NNNN
200108110000 1840  7120 040033 1 1VTXG       02203 77 97 22100885  50 280       253 1 300883 52A             165 25781992114 5                     11111111111111A111AA1      276    12                    4                                              366                                                              99 0 BBXX01081020012126 VTXG 11003 99184 10712 41597 82215 10280 20253 40088 55005 70222 8832/ 22233 00300
200108110000 2330 16280 040053 1 1VTCN       03603 41 96252101626  80 280       253      877 47A             165 23032992114 5                     2F111111111111A1A1AA1      276    15                    4                                              366                                                              99 0 BBXX01081120011726 VTCN 11003 99233 11628 41496 83608 10280 20253 40162 56008 72525 8777/ 22253
200108110600 1130  6250 040064 1 1VVGG       02503128 97 22101206 150 265       215      751 432             165 25612992114 5                     2F111111111111A1A1AA1      276    12                    4                                              366                                                              99 0 BBXX01081120011326 VVGG 11063 99113 10625 41497 72525 10265 20215 40120 56015 70222 85132 22264
200108111800 1480  7360 040043 1 1VTXG       02203103 97 21100961 100 290       264 1 290223 4AA             165 25743992114 5                     11111111111111A111AA1      276     1                    1                                              366                                                              99 0 BBXX01081120012126 VTXG 11183 99148 10736 10497 22220 10290 20264 40096 51010 70211 823// 22243 00290 NNNN
200108120000 1350  7400 040043 1 1VTXG       02203 77 98 22100985  70 270       243 1 290663 6AA             165 25734992114 5                     11111111111111A111AA1      276    12                    4                                              366                                                              99 0 BBXX01081220010126 VTXG 12003 99135 10740 41698 62215 10270 20243 40098 55007 70222 863// 22243 00290
200108120600 1230  7450 040043 1 1VTXG       02203 51 96 35101160  00 260       233 1 280753 310             165 25724992114 5                     21111111114111A111AA1      276    12                    4                                              366                                                              99 0 BBXX01081220010526 VTXG 12063 99123 10745 41396 72210 10260 20233 40116 50000 70352 85310 22243 00280
200108120600 1270  5670 040064 1 1VVGG       03003118 96102100906 250 265       225      744 416             165 25526992114 5                     2F116111111111A1A1AA1      276    12                    4                                              366                                                              99 0 BBXX01081220010526 VVGG 12063 99127 10567 41496 73023 10265 20225 40090 56025 71022 84416 22264
200108121200 1300  5550 040063 1 1VVGG       02103180 96105100756 200 270       240          A               165 25535992114 5                     2F111111111111A1A8AA1      276    10                    4                                              366                                                              99 0 BBXX01081220011326 VVGG 12123 99130 10555 41/96 /2135 10270 20240 40075 56020 71050 22263
200108121800  970  7550 040043 1 1VTXG       02203 51 97 22101251 100 280       253 1 270853 3AA             165 29395992114 5                     11111111111111A111AA1      276    12                    4                                              366                                                              99 0 BBXX01081220011726 VTXG 12183 99097 10755 41397 82210 10280 20253 40125 51010 70222 853// 22243 00270 NNNN
200108130600  750  7700 040033 1 1VTXG       02403 51 98 22101251 100 290       264 1 280632 521             165 29377992114 5                     21111111111111A111AA1      276    12                    4                                              366                                                              99 0 BBXX01081320010527 VTXG 13063 99075 10770 41598 62410 10290 20264 40125 51010 70222 83221 22233 00280 NNNN
200108130600 1310  5110 040063 1 1VVGG       02303 51 96101101006  50 265       215      424 511             165 25531992114 5                     2F111111111111A1A1AA1      276    11                    4                                              366                                                              99 0 BBXX01081320010527 VVGG 13063 99131 10511 41596 42310 10265 20215 40100 56005 71011 82411 22263
200108130600 1980 15210 040053 1 1VTCN       01003 57 97 32101426 220 310       284      736 620             165 26592992114 5                     2F111111111111A1A1AA1      276    12                    4                                              366                                                              99 0 BBXX01081320010527 VTCN 13063 99198 11521 41697 71011 10310 20284 40142 56022 70322 83620 22253 B/RGDS
200108131200 1290  4990 040064 1 1VVGG       02103 77 97 21100556 100 320       280          A               165 25429992114 5                     2F111111111111A1A8AA1      276    11                    4                                              366                                                              99 0 BBXX01081320011326 VVGG 13123 99129 10499 41/97 /2115 10320 20280 40055 56010 70211 22264
200108131800  580  7920 040033 1 1VTXG       02203 77 98 22101301 100 270       243 1 2807 A AAA             165 29359992114 5                     11111111111111A111AA1      276    12                    4                                              366                                                              99 0 BBXX01081320011726 VTXG 13183 99058 10792 41/98 72215 10270 20243 40130 51010 70222 8//// 22233 00280 NNNN
200108131800  580  7920 040033 1 1VTXG       02203 77 98 22101301 100 270       243 1 2807 A AAA             165 29359992114 5                     11111111111111A111AA1      276    12           3180     4                                              366                                                              99 0 BBXX01081320011726 VTXG 13183 99058 10792 41/98 72215 10270 20243 40130 51010 70222 8//// 22233 00280 UUAA WPKD 63180 99369 70744 11664 99013 29247 21020 00138 26849 21020 88999 77999
200108140600  570  8190 040013 1 1VTXG       02403103 98 12101287 150 310       277 1 280632 422             165 29451992114 5                     21311111111111A111AA1      276    12                    4                                              366                                                              99 0 BBXX01081420010527 VTXG 14063 99057 10819 41498 62420 10310 20277 40128 57015 70122 83222 22213 00280 NNNN
200108140600  570  8190 040013 1 1VTXG       02403103 98 12101287 150 310  888  277 1 280632 422  40         165 29451992114 5                     2131111111111199117A1      276    12                    4                                              366                                                              99 0 BBXX01081420010527 VTXG 14063 99057 10819 41498 62420 10310 20277 40128 57015 70122 83222 22213 00280 JJYY 14081 0538/ 73204 03353 88888 05205 01262 16260 20252 24240 29231 43210 48206 58197 61192 99901 21178 99902 87163 99903 60155 99904 46152 99905 00141 99906 14124 99907 39108 64105 99908 58097 66666 19999 3FRY9
200108141200  650  8300 040013 1 1VTXG       02203103 98 11101083  50 310       271 1 280424 701             165 29463992114 5                     21111111111111A111AA1      276    11                    4                                              366                                                              99 0 BBXX01081420011326 VTXG 14123 99065 10830 41798 42220 10310 20271 40108 53005 70111 82401 22213 00280
200108141200 1320  4310 040074 1 1VVGG       02803 51 97 22100754  00 320       280      622 484             165 25433992114 5                     2F111111111111A1A1AA1      276    12                    4                                              366                                                              99 0 BBXX01081420011326 VVGG 14123 99132 10431 41497 62810 10320 20280 40075 54000 70222 82284 22274
200108141200 3290  2740 040063 1 1VTXK       02703 51 97 22101404  00 290       236      876 541             165 21627992114 5                     2F111111111111A1A1AA1      276    12                    4                                              366                                                              99 0 BBXX01081420011326 VTXK 14123 99329 10274 41597 82710 10290 20236 40140 54000 70222 87641 22263
200108141800  770  8350 040083 1 1VTXG       02203 77 97 20101261 100 290       264 1 280221 500             165 29473992114 5                     11111111111111A111AA1      276    10                    4                                              366                                                              99 0 BBXX01081420011727 VTXG 14183 99077 10835 41597 22215 10290 20264 40126 51010 70200 82100 22283 00280 NNNN
200108150000  910  8330 040083 1 1VTXG       02503 77 97 32     3  70 270           1 270753 401             165 29493992114 5                     11111FF11111A1AA11AA1      276    12                    4                                              366                                                              99 0 BBXX01081520010126 VTXG 15003 99091 10833 41497 72515 10270820 43/40126 53007 70322 85301 22283 00270 NNNN
200108150600 3420  2270 040063 1 1VTXK       02903 51 97 22101844  00 260       243      776 541             165 21642992114 5                     2F111111111111A1A1AA1      276    12                    4                                              366                                                              99 0 BBXX01081520010527 VTXK 15063 99342 10227 41597 72910 10260 20243 40184 54000 70222 87641 22263
200108151200 1880  3970 040074 1 1VVGG       03103128 96102100856 200 340       260          A               165 25389992114 5                     2F131111111111A1A8AA1      276    12                    4                                              366                                                              99 0 BBXX01081520011327 VVGG 15123 99188 10397 41/96 /3125 10340 20260 40085 56020 71022 22274
200108151800 1300  8290 040083 1 1VTXG       02503 77 97 20101050  00 300       261 1 3202 A 4AA             165 25832992114 5                     17111111111111A111AA1      276    10                    4                                              366                                                              99 0 BBXX01081520011727 VTXG 15183 99130 10829 41497 22515 10300 20261 40105 50000 70200 8//// 22283 00320 NNNN
200108151800 1300  8290 040083 1 1VTXG       02503 77 97 20101050  00 300       261 1 3202 A 4AA             165 25832992114 5                     17111111111111A111AA1      276    10            12      4                                              366                                                              99 0 BBXX01081520011727 VTXG 15183 99130 10829 41497 22515 10300 20261 40105 50000 70200 8//// 22283 00320 FORT PROVIDENCE/WID/D/15/23 6/12/2/12 2/NR/NR/
200108151800 3510  1950 040063 1 1VTXK       02903 51 97 22101964  00 260       243      7   5               165 21559992114 5                     1F111111111111A1A1AA1      276    12                    4                                              366                                                              99 0 BBXX01081520011727 VTXK 15183 99351 10195 41597 72910 10260 20243 40196 54000 70222 22263
200108160600 1550  8260 040083 1 1VTXG       02403103 97 22100808 100 320       294 1 310880 620             165 25852992114 5                     23111111111111A111AA1      276    12                    4                                              366                                                              99 0 BBXX01081620010527 VTXG 16063 99155 10826 41697 82420 10320 20294 40080 58010 70222 88020 22283 00310 NNNN
200108160600 1550  8260 040083 1 1VTXG       02403103 97 22100808 100 320       294 1 310880 620             165 25852992114 5                     23111111111111A111AA1      276    12             6      4                                              366                                                              99 0 BBXX01081620010527 VTXG 16063 99155 10826 41697 82420 10320 20294 40080 58010 70222 88020 22283 00310 UUDD WPKD 6606/ 99406 70521 15002 11898 657// 22511 547// 33448 561// 44392 533// 55232 489// 66185 439// 21212 11914 27529 22882 26017 33826 27031 44817 25533 55787 22024 66772 21518 77709 32004 88707 31505 99697 30516 11693 31013 22680 35010 33647 19003 44642 22505 55627 36010 66614 07511 77588
200108161200 2460  3630 040074 1 1VVGG       03103128 97 22100806 100 320       260      0   0               165 21746992114 5                     2F131111111111A1A1AA1      276    12                    4                                              366                                                              99 0 BBXX01081620011727 VVGG 16123 99246 10363 41097 03125 10320 20260 40080 56010 70222 22274
200108171200 4470 -1280 040054 1 1C6LF9      02503128   166100890  00 2040 175  156 3 204655 570   4 625 6 4 165 17642992114 5                     211111111A11111111111      276    16     20 6 4         4                                              366                                                              99 0 BBXX01081720010927 C6LF9 17123 99447 70128 415// 62525 10204 20156 40089 50000 71666 85570 22254 04204 20406 32520 40604 50604 80175
200108180000 4230 -1700 040054 1 1C6LF9      03003103 97182101700  00 1940 157  129 3 2236 A AAA      33     165 17627992114 5                     111111111111111111A71      276    12                    4                                              366                                                              99 0 BBXX01081820010127 C6LF9 18003 99423 70170 41/97 63020 10194 20129 40170 50000 71822 8//// 22254 04223 299// 333// 4//04 5//// 80157
200108181200 3950 -2130 040054 1 1C6LF9      02403 72 97  2102074  00 2170 194  180 3 231887 6AA   3 129 8 2 165 21191992114 5                     2111111111A1111111111      276    12     26             4                                              366                                                              99 0 BBXX01081820011327 C6LF9 18123 99395 70213 41697 82414 10217 20180 40207 54000 7//22 887// 22254 04231 20301 32926 40802 5//// 80194
200108190000 3220  3080 040064 1 1VVGG       02703180 97 22101206  50 260       220      9   A               165 18120992114 5                     1F171111111111A1A4AA1      276    12                    4                                              366                                                              99 0 BBXX01081920010127 VVGG 19003 99322 10308 41/97 92735 10260 20220 40120 56005 70222 22264
200108190000 3220  3080 040064 1 1VVGG       02703180 97 22101206  53 260       200      9   A               165 18120992114 5                     1F171111111111A1A4AA1      276    12                    4                                              366                                                              99 0 BBXX01081920010127 VVGG 19003 99322 10308 41/97 92735 10260 2020/ 40120 56005 70222 22264
200108190000 3880 -2550 040054 1 1C6LF9      02703103 97216101904  00 2380 225  219 3 244  7 AAA  99 3       165 21185992114 5                     1111111111111111183A1      276    12                    4                                              366                                                              99 0 BBXX01081920010127 C6LF9 19003 99388 70255 41/97 /2720 10238 20219 40190 54000 72162 8/7// 22254 04244 29903 3//// 4//// 5//// 80225
200108190600 1480  9240 040033 1 1ATIU       02303 67 96 11100322  70 300       287      778 08A             165 25942992114 5                     2F111111114111A1A1AA1      276    15                    4                                              366                                                              99 0 BBXX01081920010528 ATIU 19063 99148 10924 41096 72313 10300 20287 40032 52007 70115 8788/ 22233
200108191200 3320  2710 040064 1 1VVGG       02703 77 97 21101406 100 300       230      9   A               165 21637992114 5                     2F311111111111A1A4AA1      276    10                    4                                              366                                                              99 0 BBXX01082220011009 VVGG 19123 99332 10271 41/97 92715 10300 20230 40140 56010 70210 22264
200108191200 3720 -2930 040054 1 1C6LF9      02903 26 97186102334  00 2550 224  208 3 254632 448   3 128 7 3 165 21179992114 5                     211111111111111111111      276    12                    4                                              366                                                              99 0 BBXX01081920011327 C6LF9 19123 99372 70293 41497 62905 10255 20208 40233 54000 71862 83248 22254 04254 20301 328// 40703 5//// 80224
200108191800 3360  2520 040064 1 1VVGG       02903 51 98 20101454  00 290       250      3   A               165 21635992114 5                     1F111111111111A1A1AA1      276    10                    4                                              366                                                              99 0 BBXX01081920011727 VVGG 19183 99336 10252 41/98 32910 10290 20250 40145 54000 70200 22264
200108200000 3450  -740 040053 1 1VTXK       02703 77 97 22102104  00 240       197      664 542             165 21347992114 5                     1F111111111111A1A1AA1      276    12                    4                                              366                                                              99 0 BBXX01082220011009 VTXK 20003 99345 70074 41597 62715 10240 20197 40210 54000 70222 86442 22253
200108200000 3540 -3330 040054 1 1C6LF9      02803 98 98188102610   0 2630 230  214 3 273000 900  99 327 6 3 165 21053992114 5                     111111111111111111317      276    10                    4                                              366                                                              99 0 BBXX01082020010127 C6LF9 20003 99354 70333 41998 02819 10263 20214 40261 50/// 71880 80000 22254 04273 29903 327// 40603 5//// 80230
200108201200 3360 -3710 040054 1 1C6LF9      02403 41 98  0102614  00 2700 224  200 3 285551 500   2 12910 1 165 21037992114 5                     2311111111A1111111111      276    10                    4                                              366                                                              99 0 BBXX01082220011009 C6LF9 20123 99336 70371 41598 52408 10270 20200 40261 54000 7//00 85100 22254 04285 20201 329// 41001 5//// 80224
200108201200 3510  1950 040064 1 1VVGG       02803 51 97 21101806  50 300       230      334 300             165 21559992114 5                     2F311111111111A1A1AA1      276    11                    4                                              366                                                              99 0 BBXX01082220011010 VVGG 20123 99351 10195 41397 32810 10300 20230 40180 56005 70211 83400 22264
200108210000 3790 -4080 040054 1 1C6LF9      02403 41 98  2102552  30 2610 236  224 3 284000 900  99 2 0 0 0 165 20970992114 5                     1311111111A1111111311      276    12      0 0 0         4                                              366                                                              99 0 BBXX01082120010127 C6LF9 21003 99379 70408 41998 02408 10261 20224 40255 52003 7//22 80000 22254 04284 29902 30000 40000 50000 80236
200108211200 3020 -4450 040054 1 1C6LF9      02903 36 98  0102521  20 2690 266  265 3 283331 500  99 1 0 0 0 165 209 4992114 5                     2111113111A1111111311      276    10      0 0 0         4                                              366                                                              99 0 BBXX01082220010812 C6LF9 21123 99302 70445 41598 32907 10269 20265 40252 51002 7//00 83100 22254 04283 29901 30000 40000 50000 80266
200108211200 3770  1150 040064 1 1VVGG       02903 51 98 22101756  50 280       220      634 334             165 21571992114 5                     2F111111111111A1A1AA1      276    12                    4                                              366                                                              99 0 BBXX01082220010812 VVGG 21123 99377 10115 41398 62910 10280 20220 40175 56005 70222 83434 22264
200108220000 2840 -4810 040054 1 1C6LF9      02703 51 98150102532  30 2770 247  234 3 288332 400  99 21110 1 165 24588992114 5                     111111111111111111311      276    10        0 0         4                                              366                                                              99 0 BBXX01082220010812 C6LF9 22003 99284 70481 41498 32710 10277 20234 40253 52003 71500 83200 22254 04288 29902 311// 41001 50000 80247
200108220600 3970   600 040074 1 1VVGG       02903 26 98 22102151  50 250       200      651 441             165 21496992114 5                     2F111111111111A1A1AA1      276    12                    4                                              366                                                              99 0 BBXX01082220011011 VVGG 22063 99397 10060 41498 62905 10250 20200 40215 51005 70222 85141 22274
200108221200 1610  8250 040043 1 1VTXG       02503103 97 32100433  70 280       253 1 300840 779             165 25862992114 5                     21111111111111A111AA1      276    12                    4                                              366                                                              99 0 BBXX01082220011011 VTXG 22123 99161 10825 41797 82520 10280 20253 40043 53007 70322 84079 22243 00300
200108221200 2660 -5180 040054 1 1C6LF9      0 103 31 98150102602  50 2830 248  232 3 285542 560  99 11010 1 165 24461992114 5                     211111111111111111311      276    10                    4                                              366                                                              99 0 BBXX01082220011321 C6LF9 22123 99266 70518 41598 50106 10283 20232 40260 52005 71500 84260 22254 04285 29901 310// 41001 5//// 80248
200108221200 4060   410 040084 1 1VVGG       03003 51 98 21102102  50 290       220      9   9               165 178 4992114 5                     2F311111111111A1A4AA1      276    11                    4                                              366                                                              99 0 BBXX01082320011830 VVGG 22123 99406 10041 41998 93010 10290 20220 40210 52005 70211 22284
200108221800 1470  8270 040043 1 1VTXG       02503103 97 22100671 100 300      -274 1 300880 670             165 25842992114 5                     11111161111111A911AA1      276    12                    4                                              366                                                              99 0 BBXX01082320011830 VTXG 22183 99147 10827 41697 82520 10300 21274 40067 51010 70222 88070 22243 00300
200108230000 2490 -5520 040054 1 1C6LF9      03603 51 98  0102563  20 2740 242  227 3 290221 400  99 11010 2 165 24445992114 5                     1111131111A1111111311      276    10                    4                                              366                                                              99 0 BBXX01082320011830 C6LF9 23003 99249 70552 41498 23610 10274 20227 40256 53002 7//00 82100 22254 04290 29901 310// 41002 5//// 80242
200108231200 2320 -5860 040054 1 1C6LF9      0 703 51 98  2102124  00 2740 244  230 3 289632 521  99 218 8 2 165 24438992114 5                     2111111111A1111111311      276    12                    4                                              366                                                              99 0 BBXX01082320011831 C6LF9 23123 99232 70586 41598 60710 10274 20230 40212 54000 7//22 83221 22254 04289 29902 318// 40802 5//// 80244
200108231800  950  8330 040043 1 1VTXG       02103118 97 20100800  00 300      -274 1 310111 600             165 29493992114 5                     13111161111111A911AA1      276    10                    4                                              366                                                              99 0 BBXX01082320011829 VTXG 23183 99095 10833 41697 12123 10300 21274 40080 50000 70200 81100 22243 00310
200108240000 2150 -6180 0400   1 1C6LF9      0 403 31 98  0101894  00 277       237      3   5               165 24311992114 5                     1F11111111A111A1A1AA1      276    10                    4                                              366                                                              99 0 BBXX01082420010923 C6LF9 24003 99215 70618 41598 30406 10277 20237 40189 54000 7//00
200108240000 2150 -6180 040054 1 1C6LF9      0 403 31 98  0101894  00 2770 249  237 3 293331 500  99 110 8 3 165 24311992114 5                     1111111111A1111111311      276    10                    4                                              366                                                              99 0 BBXX01082420010923 C6LF9 24003 99215 70618 41598 30406 10277 20237 40189 54000 7//00 83100 22254 04293 29901 310// 40803 5//// 80249
200108240600  690  8350 040043 1 1VTXG       02103103 97 22100820  00 310      -271 1 310661 700             165 29463992114 5                     23111161111111A911AA1      276    12                    4                                              366                                                              99 0 BBXX01082420010922 VTXG 24063 99069 10835 41797 62120 10310 21271 40082 50000 70222 86100 22243 00310
200108241200  580  8330 040053 1 1VTXG       02103118 97 10100804  00 310      -271 1 300100 800             165 29453992114 5                     21311161111111A911AA1      276    10                    4                                              366                                                              99 0 BBXX01082420010923 VTXG 24123 99058 10833 41897 12123 10310 21271 40080 54000 70100 80000 22253 00300
200108241200 1990 -6510 040064 1 1C6LF9      01403 51 98  0101746  70 2890 248  230 3 295331 500  99 2 9 6 2 165 27995992114 5                     2111111111A1111111311      276    10                    4                                              366                                                              99 0 BBXX01082420011321 C6LF9 24123 99199 70651 41598 31410 10289 20230 40174 56007 7//00 83100 22264 04295 29902 309// 40602 5//// 80248
200108241200 3620  -470 040064 1 1VVGG       02803 41 96102101856  50 260       180      742 246             165 21364992114 5                     2F111111111111A1A1AA1      276    12                    4                                              366                                                              99 0 BBXX01082420011321 VVGG 24123 99362 70047 41296 72808 10260 20180 40185 56005 71022 84246 22264
200108241200 4820  -580 040054 1 1GQHC       02003 46 96102101667  10 1800 174  170 3 187880 61A   2 226 8 4 165 17785992114 5                     211111111111111111111      276    12                    4                                              366                                                              99 0 BBXX01082420011321 GQHC 24123 99482 70058 41696 82009 10180 20170 40166 57001 71022 8801/ 22254 04187 20202 326// 40804 5//// 80174
200108241800  500  8240 040053 1 1VTXG       02303103 97 11101102 200 300      -274 1 300113 600             165 29452992114 5                     11111161111111A911AA1      276    11                    4                                              366                                                              99 0 BBXX01082420011721 VTXG 24183 99050 10824 41697 12320 10300 21274 40110 52020 70111 81300 22253 00300 NNNN
200108241800 3720   380 040023 1 1VTXK       0 603103 98 20101684  00           247        A AAA             165 21473992114 5                     2FF111F111111AA1A8AA1      276    10                    4                                              366                                                              99 0 BBXX01082420011721 VTXK 24183 99372 10038 41/98 /0620 20247 40168 54000 70200 8//// 22223
200108241800 3720   380 040023 1 1VTXK       0 603103 98 20101684  00 260       247        A AAA             165 21473992114 5                     2F111111111111A1A8AA1      276    10                    4                                              366                                                              99 0 BBXX01082520010122 VTXK 24183 99372 10038 41/98 /0620 10260 20247 40168 54000 70200 8//// 22223
200108241800 4640  -740 040054 1 1GQHC       02203 26 98 22101227   0 1890 179  173 3 182885 6AA   1 129 7 5 165 17767992114 5                     211111111111111111117      276    12        4 3         4                                              366                                                              99 0 BBXX01082520010121 GQHC 24183 99464 70074 41698 82205 10189 20173 40122 570/2 70222 885// 22254 04182 20101 329// 40705 50403 80179
200108241800 4640  -740 040054 1 1GQHC       02203 26 98 22101227  20 1890 179  173 3 182885 6AA   1 129     165 17767992114 5                     211111111111111111171      276    12        4 3         4                                              366                                                              99 0 BBXX01082420012121 GQHC 24183 99464 70074 41698 82205 10189 20173 40122 57002 70222 885// 22254 04182 20101 329// 50403 80179
200108241800 4640  -740 040054 1 1GQHC       02203 26 98 22101227  20 1890 179  173 3 182885 6AA   1 129 7 5 165 17767992114 5                     211111111111111111111      276    12        4 3         4                                              366                                                              99 0 BBXX01082420011721 GQHC 24183 99464 70074 41698 82205 10189 20173 40122 57002 70222 885// 22254 04182 20101 329// 40705 50403 80179
200108250000 1930 -6670 040054 1 1C6LF9      01403 51 98  0101573  10 2830 250  235 3 297111 500  99 2       165 27996992114 5                     1111111111A11111113A1      276    10                    4                                              366                                                              99 0 BBXX01082520010121 C6LF9 25003 99193 70667 41598 11410 10283 20235 40157 53001 7//00 81100 22254 04297 29902 3//// 4//02 5//// 80250
200108250000 3720   550 040023 1 1VTXK       0 203    97 22     4  00 260                664 542             165 21475992114 5                     1F1FFFF17111A1AAA1AA1      276    12                    4                                              366                                                              99 0 BBXX01082520010122 VTXK 25003 99372 10055 41597 6020/ 10260 54000 70222 86442 22223
200108250000 3720   550 040023 1 1VTXK       0 503103 97 22101684  00 260       247      664 542             165 21475992114 5                     1F111111111111A1A1AA1      276    12                    4                                              366                                                              99 0 BBXX01082420012121 VTXK 25003 99372 10055 41597 60520 10260 20247 40168 54000 70222 86442 22223
200108250000 4470  -880 040054 1 1GQHC       03623 10 98 12101504  00 1850 176  170 3 20055A A7A   1 126 8 4 165 17748992114 5                     111FF1111111111111111      276    12                    4                                              366                                                              99 0 BBXX01082520010121 GQHC 25003 99447 70088 41/98 59902 10185 20170 40150 54000 70122 85/7/ 22254 04200 20101 326// 40804 5//// 80176
200108250600  430  8010 040063 1 1VTXG       02603 92 98 25101254  00 320      -294 1 300642 611             165 29440992114 5                     21511161111111A911AA1      276    12                    4                                              366                                                              99 0 BBXX01082520010523 VTXG 25063 99043 10801 41698 62618 10320 21294 40125 54000 70252 84211 22263 00300 NNNN
200108250600  800 11790 040053 1 1VTCN       02603    97 30101095  2            285      530 823             165 29787992114 5                     2FFFF1F171111AA1A1AA1      276    11                    4                                              366                                                              99 0 BBXX01082520011322 VTCN 25063 99080 11179 41897 526/2 1/305 20285 40109 55002 70301 83023 22253
200108250600  800 11790 040053 1 1VTCN       02603 62 97 30101095  20 305       285      530 823             165 29787992114 5                     2F111111111111A1A1AA1      276    11                    4                                              366                                                              99 0 BBXX01082520010523 VTCN 25063 99080 11179 41897 52612 10305 20285 40109 55002 70301 83023 22253 B/RGDS
200108250600 2350 12820 040033 1 1VVGQ       01103 77 98   100317  50 330       259      4   9               165 22638992114 5                     2F31111111AA11A1A1AA1      276    3                     4                                              366                                                              99 0 BBXX01082520010523 VVGQ 25063 99235 11282 43998 41115 10330 20259 40031 57005 22233
200108250600 4300 -1020 04005  1 1GQHC       0 403 77 97 22101167 200 1900 182  177 3 189887 3AA   2 231 7 5 165 17630992114 5                     211111111111111111111      276    12        4 3         4                                              366                                                              99 0 BBXX01082520010522 GQHC 25063 99430 70102 41397 80415 10190 20177 40116 57020 70222 887// 2225/ 04189 20202 331// 40705 50403 80182
200108251200 2870  5050 040043 1 1ATJZ       01903 77 98 20100034  00 360       310      0   9               165 21980992114 5                     2F113111111111A1A1AA1      276    10                    4                                              366                                                              99 0 BBXX01082520011323 ATJZ 25123 99287 10505 41998 01915 10360 20310 40003 54000 70200 3//// 22243
200108251200 3970  -970 040084 1 1VVGG       03203 51 95100101754  00 240       180      9   9               165 21399992114 5                     2F111111111111A1A3AA1      276    10                    4                                              366                                                              99 0 BBXX01082520011323 VVGG 25123 99397 70097 41995 93210 10240 20180 40175 54000 71000 22284
200108251200 4100 -1100 040044 1 1GQHC       03503 31 98 22101303 100 2070 186  173 3 211885 4AA   1 138 5 3 165 17611992114 5                     211111111111111111111      276    12                    4                                              366                                                              99 0 BBXX01082520011322 GQHC 25123 99410 70110 41498 83506 10207 20173 40130 53010 70222 885// 22244 04211 20101 399// 40503 5//// 80186
200108251800  540  7790 040073 1 1VTXG       02503128 97 25101374  00 290      -264 1 300863 590             165 29357992114 5                     11111161111111A911AA1      276    12                    4                                              366                                                              99 0 BBXX01082720012124 VTXG 25183 99054 10779 41597 82525 10290 21264 40137 54000 70252 86390 22273 00300 NNNN
200108251800 3910 -1180 040044 1 1GQHC       03623 10 98 11101421  40 2270 199  183 3 230214 506   1 138 4 4 165 21291992114 5                     211FF1111111111111111      276    11                    4                                              366                                                              99 0 BBXX01082720012124 GQHC 25183 99391 70118 41598 29902 10227 20183 40142 51004 70111 81406 22244 04230 20101 399// 40404 5//// 80199
200108260000 1730 -7130 040054 1 1C6LF9      01603 36 98  0101344  00 2860 248  231 3 29829A 5A0  99 111 8 2 165 27871992114 5                     1111111111A1111113311      276    10                    4                                              366                                                              99 0 BBXX01082720012124 C6LF9 26003 99173 70713 41598 21607 10286 20231 40134 54000 7//00 89//0 22254 04298 29901 311// 40802 5//01 80248
200108260000 3710 -1260 040044 1 1GQHC       02603 26 98 31101551  60 2250 211  204 3 232868 59A   1 138 4 4 165 21272992114 5                     111111111111111111111      276    11                    4                                              366                                                              99 0 BBXX01082720012123 GQHC 26003 99371 70126 41598 82605 10225 20204 40155 51006 70311 8689/ 22244 04232 20101 399// 40404 5//// 80211
200108260600  650  7580 040073 1 1VTXG       03103128 97 32101320  00 320      -294 1 300742 431             165 29365992114 5                     23312161111111A911AA1      276    12                    4                                              366                                                              99 0 BBXX01082720012124 VTXG 26063 99065 10758 41497 73125 10320 21294 40132 50000 70322 84231 22273 00300 NNNN
200108260600  770  9360 040073 1 1ATIU       02403 51 97 10100797 170 300       287      431 012             165 29573992114 5                     2F111111111111A1A1AA1      276    10                    4                                              366                                                              99 0 BBXX01082720012123 ATIU 26063 99077 10936 41097 42410 10300 20287 40079 57017 70100 83112 22273
200108260600 1430  8570 040013 1 1VVJV       02403 77 97 22100667 200 300       250      747 439             165 25845992114 5                     2F111111111111A1A1AA1      276    12                    4                                              366                                                              99 0 BBXX01082720012124 VVJV 26063 99143 10857 41497 72415 10300 20250 40066 57020 70222 84739 22213
200108260600 1920 13080 040033 1 1VVGQ       01803 46 98   100017  50 370       300      5   9               165 26390992114 5                     2F71111111AA16A6A1AA1      276    3                     4                                              366                                                              99 0 BBXX01082720012124 VVGQ 26063 99192 11308 43998 51809 10370 20300 40001 57005 22233
200108260600 3520 -1330 040044 1 1GQHC       03623 15 99 11101484  00 2190 203  194 3 239115 501   1 13110 4 165 21253992114 5                     111FF1111111111111111      276    11     30 4 2         4                                              366                                                              99 0 BBXX01082720012123 GQHC 26063 99352 70133 41599 19903 10219 20194 40148 54000 70111 81501 22244 04239 20101 33130 41004 50402 80203
200108260600 3650  1350 040023 1 1VTXK       03613  5 97   102004  00 290       264          A               165 21563992114 5                     2F1FF11121AA11A1A8AA1      276    1                     4                                              366                                                              99 0 BBXX01082720012124 VTXK 26063 99365 10135 41/97 /0001 333 10290 20264 40200 54000 70222 555 6//// 22223
200108261200  700  7470 040073 1 1VTXG       03203123 97 22101204  10 280      -253 1 300835 378             165 29374992114 5                     23112161111111A911AA7      276    12                    4                                              366                                                              99 0 BBXX01082720012123 VTXG 26123 99070 10747 41397 83224 10280 21253 40120 54001 70222 83578 22273 00300
200108261200 3320 -1400 040044 1 1GQHC       03623 10 98 20101633  80 2430 224  215 3 245111 400   1 026 6 2 165 21234992114 5                     211FF1111111111111311      276    10                    4                                              366                                                              99 0 BBXX01082720012124 GQHC 26123 99332 70140 41498 19902 10243 20215 40163 53008 70200 81100 22244 04245 20100 326// 40602 5//// 80224
200108261200 4610  -730 040014 1 1VVGG       0 303 51 95102102102 100 210       180      844 188             165 17767992114 5                     2F111111111111A1A1AA1      276    12                    4                                              366                                                              99 0 BBXX01082720012123 VVGG 26123 99461 70073 41195 80310 10210 20180 40210 52010 71022 84488 22214
200108261800  760  7360 040073 1 1VTXG       02803113 97 22101380  00 290      -264 1 3008 A AAA             165 29373992114 5                     13111161111111A911AA1      276    12                    4                                              366                                                              99 0 BBXX01082720012124 VTXG 26183 99076 10736 41/97 82822 10290 21264 40138 50000 70222 8//// 22273 00300 NNNN
200108261800 1350 -7630 040054 1 1C6LF9      0 803 77 97802101324  00 2960 263  249 3 295617 360  99 2 7 9 2 165 27836992114 5                     211111111111111111311      276    12                    4                                              366                                                              99 0 BBXX01082720012124 C6LF9 26183 99135 70763 41397 60815 10296 20249 40132 54000 78022 81760 22254 04295 29902 307// 40902 5//// 80263
200108261800 3130 -1480 040044 1 1GQHC       03303 62 99 20101623  20 2440 224  214 3 255111 400  11 132 5 3 165 21214992114 5                     231111111111111111111      276    10                    4                                              366                                                              99 0 BBXX01082720012123 GQHC 26183 99313 70148 41499 13312 10244 20214 40162 53002 70200 81100 22244 04255 21101 332// 40503 5//// 80224
200108270000 2530  5740 040033 1 1ATJZ       01103 51 97 20100362 110 280       239      100 930             165 21957992114 5                     1F111111111111A1A1AA1      276    10                    4                                              366                                                              99 0 BBXX01082720012124 ATJZ 27003 99253 10574 41997 11110 10280 20239 40036 52011 70200 80030 22233
200108270000 2930 -1550 040044 1 1GQHC       03403 51 98 20101701  60 2280 219  214 3 246111 300   1 133 5 3 165 24895992114 5                     111111111111111111111      276    10                    4                                              366                                                              99 0 BBXX01082720012122 GQHC 27003 99293 70155 41398 13410 10228 20214 40170 51006 70200 81100 22244 04246 20101 333// 40503 5//// 80219
200108270600  850  7120 040063 1 1VTXG       03203 82 98 22101330  00 320      -294 1 300732 731             165 29381992114 5                     23511161111111A911AA1      276    12                    4                                              366                                                              99 0 BBXX01082720012124 VTXG 27063 99085 10712 41798 73216 10320 21294 40133 50000 70222 83231 22263 00300 NNNN
200108270600 1110 -7950 0400   1 1C6LF9      0 503 26 97132101120  40 283       249      7   4               165 27819992114 5                     1F111111111111A1A1AA1      276    12                    4                                              366                                                              99 0 BBXX01082720012122 C6LF9 27063 99111 70795 41497 70505 10283 20249 40112 50004 71322
200108270600 1110 -7950 040054 1 1C6LF9      0 503 26 97132101120  40 2830 259  249 3 29676A 4A0  99 2 5     165 27819992114 5                     111111111111111111371      276    12                    4                                              366                                                              99 0 BBXX01082720012124 C6LF9 27063 99111 70795 41497 70505 10283 20249 40112 50004 71322 86//0 22254 04296 29902 305// 4//02 5//// 80259
200108270600 2740 -1620 040045 1 1GQHC       0 103 62 99 20101517 100 2230 214  209 3 235114 500   1 138     165 24876992114 5                     111111111111111111171      276    10                    4                                              366                                                              99 0 BBXX01082720012123 GQHC 27063 99274 70162 41599 10112 10223 20209 40151 57010 70200 81400 22245 04235 20101 399// 4//// 5//// 80214
200108271200 2550 -1680 040044 1 1GQHC       0 703 41 98 20101764  00 2480 228  218 3 236112 300   1 138     165 24856992114 5                     211111111111111111171      276    10                    4                                              366                                                              99 0 BBXX01082720012124 GQHC 27123 99255 70168 41398 10708 10248 20218 40176 54000 70200 81200 22244 04236 20101 399// 4//01 5//// 80228
200108271200 5020  -100 040024 1 1VVGG       0 203 92 97 21102506  50 210       120      524 231             165 141 1992114 5                     2F311111111111A1A1AA1      276    11                    4                                              366                                                              99 0 BBXX01082720012123 VVGG 27123 99502 70010 41297 50218 10210 20120 40250 56005 70211 82431 22224
200108271800  920  6870 040063 1 1VTXG       03003 77 97 15101382 100 290      -264 1 300100 901             165 29298992114 5                     13111161111111A911AA1      276    11                    4                                              366                                                              99 0 BBXX01082720012122 VTXG 27183 99092 10687 41997 13015 10290 21264 40138 52010 70151 80001 22263 00300 NNNN
200108271800 2350 -1740 040044 1 1GQHC       0 203 82 98 20     8 100    0 212  199 3 2260   9     2 238     165 24837992114 5                     21F11FF11111AA1111171      276    10                    4                                              366                                                              99 0 BBXX01082720012124 GQHC 27183 99235 70174 41998 00216 20199 48145 58010 70200 22244 04226 20202 399// 4//03 80212
200108271800 2350 -1740 040044 1 1GQHC       0 203 82 98 20101457 100 2360 212  199 3 226000 900   2 238     165 24837992114 5                     211111111111111111171      276    10                    4                                              366                                                              99 0 BBXX01082720012122 GQHC 27183 99235 70174 41998 00216 10236 20199 40145 57010 70200 80000 22244 04226 20202 399// 4//03 5//// 80212
200108280600 1000  6620 040063 1 1VTXG       02603103 98 20101400 100 320      -294 1 300321 702             165 256 6992114 5                     23511161111111A911AA1      276    10                    4                                              366                                                              99 0 BBXX01082820010453 VTXG 28063 99100 10662 41798 32620 10320 21294 40140 50010 70200 82102 22263 00300 NNNN
200108280600 1950 -1790 040044 1 1GQHC       0 303 51 98 31101664  00 2390 225  218 3 2797 A AAA   1 138     165 28497992114 5                     111111111111111111171      276    11                    4                                              366                                                              99 0 BBXX01082820010521 GQHC 28063 99195 70179 41/98 70310 10239 20218 40166 54000 70311 8//// 22244 04279 20101 399// 4//// 5//// 80225
200108281200 1030  6490 040063 1 1VTXG       02303113 98 20100986 200 300       274 1 300215 881             165 256 4992114 5                     23111111111111A111AA1      276    10                    4                                              366                                                              99 0 BBXX01082820011053 VTXG 28123 99103 10649 41898 22322 10300 20274 40098 56020 70200 81581 22263 00300 NNNN
200108281200 1750 -1790 040044 1 1GQHC       0 603 21 98 20101481 100 2870 260  249 3 281218 430   1 0 1 7 1 165 28477992114 5                     211111111111111111111      276    10                    4                                              366                                                              99 0 BBXX01082920011453 GQHC 28123 99175 70179 41498 20604 10287 20249 40148 51010 70200 81830 22244 04281 20100 301// 40701 5//// 80260
200108281800 1060  6360 040063 1 1VTXG       02503 77 98 20101221 100 290       264 1 300111 700             165 256 3992114 5                     13111111111111A111AA1      276    10                    4                                              366                                                              99 0 BBXX01082820011853 VTXG 28183 99106 10636 41798 12515 10290 20264 40122 51010 70200 81100 22263 00300 NNNN
200108281800 1540 -1790 040045 1 1GQHC       03623 15 98 21101257 110 2880 256  242 3 298321 404   1 119 4 2 165 28457992114 5                     211FF1111111111111111      276    11                    4                                              366                                                              99 0 BBXX01082920011450 GQHC 28183 99154 70179 41498 39903 10288 20242 40125 57011 70211 82104 22245 04298 20101 319// 40402 5//// 80256
200108281900 3240  2940 040023 1 1VTXK       03300210 97 22100905 130 270       214      654 545             165 21629992114 5                     1F116111111111A1A1AA1      276    12                    4                                              366                                                              99 0 BBXX01082920011453 VTXK 28190 99324 10294 41597 63321 10270 20214 40090 55013 70222 85445 22223
200108290000 1330 -1790 040044 1 1GQHC       03623 21 98958101532 190 2720 251  242 3 294843 377   1 018 5 2 165 28437992114 5                     111FF1111111111111311      276    12                    4                                              366                                                              99 0 BBXX01082920011453 GQHC 29003 99133 70179 41398 89904 10272 20242 40153 52019 79582 84377 22244 04294 20100 318// 40502 5//// 80251
200108290000 1440  8710 040072 1 1VWNS       02403103 97 22100206 190 285       265      757 13A             165 25847992114 5                     2F111111111111A1A1AA1      276    12                    4                                              366                                                              99 0 BBXX01082920011453 VWNS 29003 99144 10871 41197 72420 10285 20265 40020 56019 70222 8573/ 22272 00/// 2////
200108290000 3210  3050 040023 1 1VTXK       03203 77 97 22100864  00 260       218      664 542             165 18120992114 5                     1F111111111111A1A1AA1      276    12                    4                                              366                                                              99 0 BBXX01082920011451 VTXK 29003 99321 10305 41597 63215 10260 20218 40086 54000 70222 86442 22223
200108290000 3210  3050 040023 1 1VTXK       03203 77 97 22100884  00 260       218      664 542             165 18120992114 5                     1F111111111111A1A1AA1      276    12                    4                                              366                                                              99 0 BBXX01082920011452 VTXK 29003 99321 10305 41597 63215 10260 20218 40088 54000 70222 86442 22223
200108290600  760 13740 040033 1 1VVGQ       02403 92 98   100814  00 310       242      4   9               165 29977992114 5                     2F11111111AA11A1A1AA1      276    3                     4                                              366                                                              99 0 BBXX01082920011451 VVGQ 29063 99076 11374 43998 42418 10310 20242 40081 54000 22233
200108290600 1140  6130 040063 1 1VTXG       02303128 97 20     0  00 310       284 1 300111 800             165 25611992114 5                     25511F111111A1A111AA1      276    10                    4                                              366                                                              99 0 BBXX01082920011451 VTXG 29063 99114 10613 41897 12325 10310 20284 41013 50000 70200 81100 22263 00300 NNNN
200108290600 1140 -1760 040044 1 1GQHC       03203 62 98159101326 150 2670 252  246 3 2848 A AAA   2 238     165 28417992114 5                     111111111111111111171      276    19                    4                                              366                                                              99 0 BBXX01082920011453 GQHC 29063 99114 70176 41/98 83212 10267 20246 40132 56015 71599 8//// 22244 04284 20202 399// 4//// 5//// 80252
200108291200  960 -1670 040034 1 1GQHC       02803 46 98156101361 110 2910 260  247 3 280632 358   4 2 0     165 32096992114 5                     211111111111111111131      276    12                    4                                              366                                                              99 0 BBXX01082920011452 GQHC 29123 99096 70167 41398 62809 10291 20247 40136 51011 71562 83258 22234 04280 20402 300// 4//// 5//// 80260
200108291800  790 -1540 040035 1 1GQHC       02403 62 97818101156 100 2510 241  236 3 276747 344   1 216 5 4 165 32075992114 5                     211111111111111111111      276    12                    4                                              366                                                              99 0 BBXX01082920012052 GQHC 29183 99079 70154 41397 72412 10251 20236 40115 56010 78182 84744 22235 04276 20102 316// 40504 80241
200108291800 1200  5890 040063 1 1VTXG       02303128 97 20101162 100 270       243 1 300000 900             165 25528992114 5                     15111111111111A111AA1      276    10                    4                                              366                                                              99 0 BBXX01082920011653 VTXG 29183 99120 10589 41997 02325 10270 20243 40116 52010 70200 80000 22263 00300 NNNN
200108300000 1710  8390 040072 1 1VWNS       02703103 98 22 99906  50 300       294      727 279             165 25873992114 5                     1F111111111111A1A1AA1      276    12                    4                                              366                                                              99 0 BBXX01083020011451 VWNS 30003 99171 10839 41298 72720 10300 20294 49990 56005 70222 82779 22272 00///
200108300600 1280  5660 040062 1 1VTXG       02203154 96 22101261  50 310       284 1 300770 670             165 25526992114 5                     25511111114116A611AA1      276    12                    4                                              366                                                              99 0 BBXX01083020011451 VTXG 30063 99128 10566 41696 72230 10310 20284 40126 51005 70222 87070 22262 00300 NNNN
200108301200  290 -1190 040034 1 1GQHC       01503 72 98168101501 120 2540 223  207 3 267534 468   3 338     165 32021992114 5                     211111111111111111171      276    12                    4                                              366                                                              99 0 BBXX01083020011452 GQHC 30123 99029 70119 41498 51514 10254 20207 40150 51012 71682 83468 22234 04267 20303 399// 4//03 5//// 80223
200108301200 1300  5590 040062 1 1VTXG       02103170 96 22100937 150 300       274 1 300740 862             165 25535992114 5                     25311111114111A111AA1      276    12                    4                                              366                                                              99 0 BBXX01083020011451 VTXG 30123 99130 10559 41896 72133 10300 20274 40093 57015 70222 84062 22262 00300
200108301800  130 -1070 040034 1 1GQHC       01403 77 98 28101335  20 2370 213  200 3 257882 4AA   2 238 4 3 165 32010992114 5                     211111111111111111111      276    12                    4                                              366                                                              99 0 BBXX01083120010947 GQHC 30183 99013 70107 41498 81415 10237 20200 40133 55002 70282 882// 22234 04257 20202 399// 40403 5//// 80213
200108301800 1320  5490 040063 1 1VTXG       02103154 97 20     4  00 260       233 1 290000 900             165 25534992114 5                     11111F111111A1A111AA1      276    10                    4                                              366                                                              99 0 BBXX01083120010947 VTXG 30183 99132 10549 41997 02130 10260 20233 41997 54000 70200 80000 22263 00290 NNNN
200108310000  -10  -960 040034 1 1GQHC       01503 36 98 11101652 140 2210 207  199 3 234531 410   2 117 3 2 165 357 9992114 5                     111111111111111111111      276    11                    4                                              366                                                              99 0 BBXX01083120010947 GQHC 31003 99001 50096 41498 51507 10221 20199 40165 52014 70111 83110 22234 04234 20201 317// 40302 5//// 80207
200108310000 1320  5380 040063 1 1VTXG       02303154 96 21101194  00 260       233 1 295550 852             165 25533992114 5                     11111111114111A111AA1      276    11                    4                                              366                                                              99 0 BBXX01083020012156 VTXG 31003 99132 10538 41896 52330 10260 20233 40119 54000 70211 85052 22263 00295 NNNN
200108310000 1440  7520 040033 1 1ATJZ       02403 31 96 11100952 100 230       216      648 499             165 25745992114 5                     1F111117114111A1A1AA1      276    11                    4                                              366                                                              99 0 BBXX01083120010947 ATJZ 31003 99144 10752 41496 62406 10230 20216 40095 52010 70111 84899 22233
200108310000 1520  9220 040073 1 1ATIU       02403 51 97 30100326 110 300       274      665 08A             165 25952992114 5                     2F111111111111A1A1AA1      276    13                    4                                              366                                                              99 0 BBXX01083120010947 ATIU 31003 99152 10922 41097 62410 10300 20274 40032 56011 70303 8658/ 22273
200108310000 4570-12530 040043 1 1VVKK       01903 51 9728110013    0 180                774 672             165 16555992114 5                     2F1114F1111111AAA1AAA      276     4                    1                                              366                                                              99 0 BBXX01083020012352 VVKK 31003 99457 71253 10697 71910 10180 40013 72814 87472 22243
200108310500 2670  3450 040033 1 1VTXK       03303128 97 22100944  00 330       242      664 542             165 21764992114 5                     2F111111111111A1A1AA1      276    12                    4                                              366                                                              99 0 BBXX01083120010947 VTXK 31053 99267 10345 41597 63325 10330 20242 40094 54000 70222 86442 22233
200108310600 -180  -850 040034 1 1GQHC       01303 77 98 22101543  20 2180 203  195 3 229885 5AA   2 238     165 35718992114 5                     111111111111111111171      276    12                    4                                              366                                                              99 0 BBXX01083120010947 GQHC 31063 99018 50085 41598 81315 10218 20195 40154 53002 70222 885// 22234 04229 20202 399// 4//// 5//// 80203
200108310600 1320  5280 040063 1 1VTXG       02003154 96 20101214  00 290       264 1 290110 830             165 25532992114 5                     21111111114111A111AA1      276    10                    4                                              366                                                              99 0 BBXX01083120010552 VTXG 31063 99132 10528 41896 12030 10290 20264 40121 54000 70200 81030 22263 00290 NNNN
200108310600 1630  9140 040073 1 1ATIU       02403 51 97 30100224  00 300       287      556 07A             165 25961992114 5                     2F111111111111A1A1AA1      276    10                    4                                              366                                                              99 0 BBXX01083120010947 ATIU 31063 99163 10914 41097 52410 10300 20287 40022 54000 70300 8567/ 22273
200108311200 -340  -740 040034 1 1GQHC       01403 77 98 22101811 130 2300 203  188 3 230775 4AA   3 314 6 5 165 35737992114 5                     211111111111111111111      276    12                    4                                              366                                                              99 0 BBXX01083120011314 GQHC 31123 99034 50074 41498 71415 10230 20188 40181 51013 70222 875// 22234 04230 20303 314// 40605 5//// 80203
200108311200 1160 -7500 040014 1 1C6LF9      0 803 31 98  2101043  90 2850 282  281 3 289311 510   3 538     165 27815992114 5                     2111113111A1111111171      276    12                    4                                              366                                                              99 0 BBXX01083120010953 C6LF9 31123 99116 70750 41598 30806 10285 20281 40104 53009 7//22 81110 22214 04289 20305 399// 4//// 5//// 80282
200108311200 1310  5170 040063 1 1VTXG       01803103 96 10100697 200 310       284 1 290100 909             165 25531992114 5                     21111111114111A111AA1      276    10                    4                                              366                                                              99 0 BBXX01083120010953 VTXG 31123 99131 10517 41996 11820 10310 20284 40069 57020 70100 80009 22263 00290 NNNN
200108311200 4320-12530 040043 1 1VVKK       01903 46 98 3010155    0 190                6   6               165 16535992114 5                     1F1111F1111111AAA1AAA      276     1                    1                                              366                                                              99 0 BBXX01083120011446 VVKK 31123 99432 71253 10698 61909 10190 40155 70301 22243
200108311700 2440  3590 040033 1 1VTXK       03623103 97 22100514  00 290       236      664 5AA             165 21745992114 5                     1F1FF111411111A1A1AA1      276    12                    4                                              366                                                              99 0 BBXX01083120011546 VTXK 31173 99244 10359 41597 69920 10290 20236 40051 54000 70222 864// 22233
200108311800 -500  -630 040034 1 1GQHC       01403 77 98 21101536  50 2220 194  177 3 239224 500   2 216 6 5 165 35756992114 5                     211111111111111111111      276    11                    4                                              366                                                              99 0 BBXX01083120011646 GQHC 31183 99050 50063 41598 21415 10222 20177 40153 56005 70211 82400 22234 04239 20202 316// 40605 5//// 80194
200108311800 1300  5030 040063 1 1VTXG       01803 77 98 31100692 100 310       284 1 290770 830             165 25530992114 5                     11111111111111A111AA1      276    11                    4                                              366                                                              99 0 BBXX01083120011522 VTXG 31183 99130 10503 41898 71815 10310 20284 40069 52010 70311 87030 22263 00290 NNNN
200109010000 -660  -510 040034 1 1GQHC       01403 62 98 20101670  60 2240 192  172 3 241118 400   3 215 6 4 165 35765992114 5                     111111111111111111111      276    10                    4                                              366                                                              99 0 BBXX01083120012246 GQHC 01003 99066 50051 41498 11412 10224 20172 40167 50006 70200 81800 22234 04241 20302 315// 40604 5//// 80192
200109010000 1280  4890 040063 1 1VTXG       01803 62 98 22100598 150 310       284 1 300660 930             165 25428992114 5                     11111111111111A111AA1      276    12                    4                                              366                                                              99 0 BBXX01083120012323 VTXG 01003 99128 10489 41998 61812 10310 20284 40059 58015 70222 86030 22263 00300 NNNN
200109010000 1450 -7280 040014 1 1C6LF9      0 503123 98  2100926  70 2900 286  285 3 296662 400  99 4 7     165 27842992114 5                     1111213111A1111111371      276    12                    4                                              366                                                              99 0 BBXX01083120012346 C6LF9 01003 99145 70728 41498 60524 10290 20285 40092 56007 7//22 86200 22214 04296 29904 307// 4//// 5//// 80286
200109010000 2310  3670 040033 1 1VTXK       03623 15 97 22100484  00 290       221      664 542             165 21736992114 5                     1F1FF111111111A1A1AA1      276    12                    4                                              366                                                              99 0 BBXX01083120012246 VTXK 01003 99231 10367 41597 69903 10290 20221 40048 54000 70222 86442 22233
200109010000 4060-12530 040043 1 1VVKK       01803 41 98 2010015    0 210                321 66A             165 165 5992114 5                     2F3114F1111111AAA1AAA      276     0                    1                                              366                                                              99 0 BBXX01083120012246 VVKK 01003 99406 71253 10698 31808 10210 40015 70200 8216/ 22243
