200102010000 3530  1880 040062 1 1VTXK       02703164 98   101106 100 150       115      5 A AAA             165 21558992114 5                     1F11111111AA11A1A1AA1      276    2                     4                                              366                                                              99 0 BBXX01020120012000 VTXK 01003 99353 10188 42/98 52732 10150 20115 40110 56010 8//// 22262
200102011800 3630  1460 040063 1 1VTXK       02803154 98 12100804  00 140        85      552 600             165 21564992114 5                     1F111111111111A1A1AA1      276    12                    4                                              366                                                              99 0 BBXX01020120011459 VTXK 01183 99363 10146 41698 52830 10140 20085 40080 54000 70122 85200 22263
200102011800 3630  1460 040063 1 1VTXK       02803154 98 12100804  00 140        85      552 6A0             165 21564992114 5                     1F111111111111A1A1AA1      276    12                    4                                              366                                                              99 0 BBXX01020120011359 VTXK 01183 99363 10146 41698 52830 10140 20085 40080 54000 70122 852/0 22263
200102020600  630  8230 040012 1 1VWWY       03103 36 96526101011  70 240       226      977 52A             165 29462992114 5                     2F211111111111A1A3AA1      276    16                    4                                              366                                                              99 0 BBXX01020220010300 VWWY 02063 99063 10823 41596 93107 10240 20226 40101 51007 75266 8772/ 22212
200102021200 2540  5730 040033 1 1VWNS       03613 31 98 20100166 270 250       164 1 220100 901             165 21957992114 5                     211FF611211111A111AA1      276    10                    4                                              366                                                              99 0 BBXX01020220011101 VWNS 02123 99254 10573 41998 10006 10250 20164 40016 56027 70200 80001 22233 00220 2////
200102021800 3750  1060 040062 1 1VTXK       03203154 97 18102402 200 110        49      542 910             165 21570992114 5                     1F111111111111A1A1AA1      276    12                    4                                              366                                                              99 0 BBXX01020220011600 VTXK 02183 99375 10106 41997 53230 10110 20049 40240 52020 70182 84210 22262
200102030000 3230  3030 040063 1 1VVGG       02503 92 98 21101504  00 180        30      218 7AA             165 18120992114 5                     1F111121111111A1A1AA1      276    10                    4                                              366                                                              99 0 BBXX01020220012100 VVGG 03003 99323 10303 41798 22518 10180 20030 40150 54000 70210 818// 22263
200102030000 3780   930 040063 1 1VTXK       03303123 97 32102602 200 100       260      500 300             165 21479992114 5                     1F1111F1111111A6A1AA1      276    12                    4                                              366                                                              99 0 BBXX01020220012001 VTXK 03003 99378 10093 41397 53324 10100 20260 40260 52020 70322 80000 22263
200102030600 3760   770 040063 1 1VTXK       03203123 97 12102604  00 130       874      553 300             165 21477992114 5                     1F1111F1111111A9A1AA1      276    12                    4                                              366                                                              99 0 BBXX01020320010300 VTXK 03063 99376 10077 41397 53224 10130 20874 40260 54000 70122 85300 22263
200102030600 8270  2880 040063 1 1VVGG       02603103 97604101356  5             87      552 58A             165  3628992114 5                     1FFCCCF111111AA1A1AA1      276    12                    4                                              366                                                              99 0 BBXX01020320010300 VVGG 03063 99827 10288 41597 52620 1/155 20087 40135 56005 76042 8528/ 22263
200102030600 8270  2880 040063 1 1VVGG       02603103 97606101356  50 155        87      552 58A             165  3628992114 5                     1FCCCCC1111119A9A1AA1      276    12                    4                                              366                                                              99 0 BBXX01020320010300 VVGG 03063 99827 10288 41597 52620 10155 20087 40135 56005 76062 8528/ 22263
200102031200 1220  8340 040083 1 1VWWY       0 503 41 97 22100907 120 265       231      531 530             165 25823992114 5                     2F111111111111A1A1AA1      276    72                    4                                              366                                                              99 0 BBXX01020320011200 VWWY 03123 99122 10834 47597 50508 10265 20231 40090 57012 70222 83130 22283
200102031200 2230  6130 040033 1 1VWNS       03613 31 98 20100146 340 280       193 1 2301 A 9AA             165 22021992114 5                     213FF611211161A111AA1      276    10                    4                                              366                                                              99 0 BBXX01020320011200 VWNS 03123 99223 10613 41998 10006 10280 20193 40014 56034 70200 8//// 22233 00230 2////
200102031200 3310  2740 040063 1 1VVGG       02703180 97161101451 100 170        40      434 563             165 21637992114 5                     2F131111111111A1A1AA1      276    11                    4                                              366                                                              99 0 BBXX01020320011103 VVGG 03123 99331 10274 41597 42735 10170 20040 40145 51010 71611 83463 22263
200102040000 3380  2470 040063 1 1VVGG       02903144 97192102202 100 150        40      756 47A             165 21634992114 5                     1F111111111111A1A1AA1      276    11                    4                                              366                                                              99 0 BBXX01020320012200 VVGG 04003 99338 10247 41497 72928 10150 20040 40220 52010 71921 8567/ 22263
200102041200 1970  6510 040033 1 1VWNS       03613  0 98 00101207 170 280       136 1 240000 901             165 25695992114 5                     21111121111111A111AA1      276    10                    4                                              366                                                              99 0 BBXX01020420011059 VWNS 04123 99197 10651 41998 00000 10280 20136 40120 57017 70000 80001 22233 00240 2////
200102041200 2080  6630 040033 1 1ATJW       03613 10 98   101337 200 240       226      100 000             165 220 6992114 5                     2F1FF11121AA11A1A1AA1      276    2                     4                                              366                                                              99 0 BBXX01020420011059 ATJW 04123 99208 10663 42098 10002 10240 20226 40133 57020 7//// 80000 22233 00/// 2////
200102041200 3470  2130 040064 1 1VVGG       03003 77 98 22102554  00 170        70      631 342             165 21641992114 5                     2F111111111111A1A1AA1      276    12                    4                                              366                                                              99 0 BBXX01020420010814 VVGG 04123 99347 10213 41398 63015 10170 20070 40255 54000 70222 83142 22264
200102041800 3630  -230 040063 1 1VTXK       02203272 97 20102004  00 160       108       24 600             165 21362992114 5                     1F117111111111A1A4AA1      276    10                    4                                              366                                                              99 0 BBXX01020420011600 VTXK 04183 99363 70023 41697 /2253 10160 20108 40200 54000 70200 82400 22263
200102041800 3630  -230 040063 1 1VTXK       02503154 97 20     4  00 160       108      224 600             165 21362992114 5                     1F111F111111A1A1A1AA1      276    10                    4                                              366                                                              99 0 BBXX01020420011600 VTXK 04183 99363 70023 41697 22530 10160 20108 54000 70200 82400 22263
200102041800 3630  -230 040063 1 1VTXK       02503154 97 20102004  00 160       108      224 600             165 21362992114 5                     1F111111111111A1A1AA1      276    10                    4                                              366                                                              99 0 BBXX01020420011500 VTXK 04183 99363 70023 41697 22530 10160 20108 40200 54000 70200 82400 22263
200102050000 3560  1750 040064 1 1VVGG       02403103 98192102756  50 160        80      746 35A             165 21557992114 5                     1F111111111111A1A1AA1      276    12                    4                                              366                                                              99 0 BBXX01020420012100 VVGG 05003 99356 10175 41398 72420 10160 20080 40275 56005 71922 8465/ 22264
200102051200 3670  1380 040074 1 1VVGG       02503 62 98 21102356 100 170        70      521 738             165 21563992114 5                     2F111111111111A1A1AA1      276    11                    4                                              366                                                              99 0 BBXX01020520011001 VVGG 05123 99367 10138 41798 52512 10170 20070 40235 56010 70211 82138 22274
200102051800 3390  -740 040053 1 1VTXK       02603 31 98 20102204  00 170       120      220 904             165 21337992114 5                     1F111111111111A1A1AA1      276    10                    4                                              366                                                              99 0 BBXX01020520011500 VTXK 05183 99339 70074 41998 22606 10170 20120 40220 54000 70200 82004 22253
200102060600 2140  6960 040073 1 1ATJZ       03103 26 98 20101642 300 240       135      000 900             165 22019992114 5                     2F111111111111A1A1AA1      276    10                    4                                              366                                                              99 0 BBXX01020620010600 ATJZ 06063 99214 10696 41998 03105 10240 20135 40164 52030 70200 80000 22273
200102061200 1410  7250 040033 1 1VWNS       0 203 72 98 20100116  10 310       228 1 250100 801             165 25742992114 5                     21111611111111A111AA1      276    10                    4                                              366                                                              99 0 BBXX01020620010900 VWNS 06123 99141 10725 41898 10214 10310 20228 40011 56001 70200 80001 22233 00250
200102061200 3920   730 040074 1 1VVGG       02303 51 96101102454  00 200       130      532 411             165 21497992114 5                     2F511111111111A1A1AA1      276    11                    4                                              366                                                              99 0 BBXX01020620011601 VVGG 06123 99392 10073 41496 52310 10200 20130 40245 54000 71011 83211 22274
200102070000 4070   360 040074 1 1VVGG       02303 77 98 31101856 150 160       120      434 746             165 178 3992114 5                     1F111111111111A1A1AA1      276    11                    4                                              366                                                              99 0 BBXX01020620012100 VVGG 07003 99407 10036 41798 42315 10160 20120 40185 56015 70311 83446 22274
200102071200 1050  7520 040033 1 1VWNS       03613 31 97 20100111  50 320       268 1 260100 901             165 257 5992114 5                     213FF611211111A111AA1      276    10                    4                                              366                                                              99 0 BBXX01020720011001 VWNS 07123 99105 10752 41997 10006 10320 20268 40011 51005 70200 80001 22233 00260 2////
200102080600  600  9730 040033 1 1VVKK       0 403 41 96 3010099    3 290                744 532             165 29567992114 5                     2F1111F1114111AAA1AAA      276     2                    1                                              366                                                              99 0 BBXX01020820010300 VVKK 08063 99060 10973 10596 70408 10290 20/// 40099 70302 84432 22233 00/// 2////
200102081200  660  7750 040033 1 1VWNS       0 503 82 97 30100086 150 300       246 1 260331 531             165 29367992114 5                     21111611111111A111AA1      276    12                    4                                              366                                                              99 0 BBXX01020820011210 VWNS 08123 99066 10775 41597 30516 10300 20246 40008 56015 70302 83131 22233 00260 2////
200102090000 3660   190 040054 1 1VVGG       02503154 98 21102352 200 150       110      0   9               165 21461992114 5                     1F111111111111A1A1AA1      276    10                    4                                              366                                                              99 0 BBXX01020820012100 VVGG 09003 99366 10019 41998 02530 10150 20110 40235 52020 70210 22254
200102091200  470  8070 040023 1 1VWNS       0 803103 97 30100086 940 290       250 1 260332 431             165 29440992114 5                     21121611111111A111AA1      276    11                    4                                              366                                                              99 0 BBXX01020920011106 VWNS 09123 99047 10807 41497 30820 10290 20250 40008 56094 70301 83231 22223 00260 2////
200102100000 3720   920 040084 1 1VVGG       03403 51 98192103202  50 170       140      876 37A             165 21479992114 5                     1F111111111111A1A1AA1      276    41                    4                                              366                                                              99 0 BBXX01020920012100 VVGG 10003 99372 10092 44398 83410 10170 20140 40320 52005 71921 8767/ 22284
200102101200  760  8330 040083 1 1VWNS       0 103 41 97 30100101 860 290       236 1 265323 421             165 29473992114 5                     21111611111111A111AA1      276    11                    4                                              366                                                              99 0 BBXX01021020010900 VWNS 10123 99076 10833 41497 30108 10290 20236 40010 51086 70301 82321 22283 00265 2////
200102102200 1380  8890 040013 1 1ATIU       0 10     97 10100952  20 290       270      711 011             165 25838992114 5                     1F1FF111711111A1A1AA1      276    11                    4                                              366                                                              99 0 BBXX01022220010818 ATIU 10222 99138 10889 41097 70101 10290 20270 40095 52002 70101 81111 22213
200102102200 1540  8650 040013 1 1ATIU       0 30     97 30100082  20 300       274      712 011             165 25856992114 5                     1F1FF611711111A1A1AA1      276    11                    4                                              366                                                              99 0 BBXX01022120012200 ATIU 10222 99154 10865 41097 70301 10300 20274 40008 52002 70301 81211 22213
200102102200 1730  8380 040013 1 1ATIU       0 101 10 97 10100986  20 320       270      711 011             165 25873992114 5                     1F311111111111A1A1AA1      276    11                    4                                              366                                                              99 0 BBXX01022120011000 ATIU 10221 99173 10838 41097 70101 10320 20270 40098 56002 70101 81111 22213
200102110000   40 10660 040033 1 1VVKK       03303 82 97 3010089    3 280                754 53A             165 296 6992114 5                     2F1111F1111111AAA1AAA      276     2                    1                                              366                                                              99 0 BBXX01021020012100 VVKK 11003 99004 11066 10597 73316 10280 20/// 40089 5//// 70302 8543/ 22233 00/// 2////
200102110600  130 10770 040033 1 1VVKK       03303 92 98 3010080    3 290                754 543             165 29617992114 5                     2F1111F1111111AAA1AAA      276     2                    1                                              366                                                              99 0 BBXX01021120010400 VVKK 11063 99013 11077 10598 73318 10290 20/// 40080 5//// 70302 85443 22233 00/// 2////
200102111200 1800  7240 040043 1 1ATJZ       02803 46 98 20100911  50 280       210      000 900             165 25782992114 5                     2F111111111111A1A1AA1      276    10                    4                                              366                                                              99 0 BBXX01021120010800 ATJZ 11123 99180 10724 41998 02809 10280 20210 40091 51005 70200 80000 22243
200102111200 4640  -700 040014 1 1VVGG       01703 62 98 21103302  50 170        90      314 421             165 17767992114 5                     2F511111111111A1A1AA1      276    11                    4                                              366                                                              99 0 BBXX01021120011201 VVGG 11123 99464 70070 41498 31712 10170 20090 40330 52005 70211 81421 22214
200102120000  430 11060 040033 1 1VVKK       03303 82 97 3010085    3 290                754 531             165 29740992114 5                     2F1311F1111111AAA1AAA      276    12                    4                                              366                                                              99 0 BBXX01021120012100 VVKK 12003 99043 11106 41597 73316 10290 20/// 40085 5//// 70302 85431 22233 00/// 2////
200102120000 1630  8250 040053 1 1VWWY           3    97   10200    3 255       220      933 900             165 25862992114 5                     1F1FF311A1AA11A1A3AAA      276    1                     4                                              366                                                              99 0 BBXX01021120012303 VWWY 12003 99163 10825 41997 991// 10255 2022/ 40200 83300 22253
200102120600  480 11190 040033 1 1VVKK       03103 87 97 3010055    3 330                744 533             165 29741992114 5                     2F7511F1111116AAA1AAA      276     2                    1                                              366                                                              99 0 BBXX01021220010600 VVKK 12063 99048 11119 10597 73117 10330 20/// 40055 5//// 70302 84433 22233 00/// 2////
200102130000 3640  -240 040023 1 1VTXK       0 603 77 97 20103284  00 145       120      110 A00             165 21362992114 5                     1F111111111111A1A1AA1      276    20                    4                                              366                                                              99 0 BBXX01021220012100 VTXK 13003 99364 70024 42/97 10615 10145 20120 40328 54000 70200 81000 22223
200102130600  620 11750 040033 1 1VVKK       03103 98 97 3010025    3 310                634 543             165 29767992114 5                     2F5714F1111111AAA1AAA      276     2                    1                                              366                                                              99 0 BBXX01021320011002 VVKK 13063 99062 11175 10597 63119 10310 20/// 40025 70302 83443 22233 00/// 2////
200102131800 3710   270 040023 1 1VTXK       02703 62 98 20102087 200 160       127      114 600             165 21472992114 5                     1F111111111111A1A1AA1      276    10                    4                                              366                                                              99 0 BBXX01021320011501 VTXK 13183 99371 10027 41698 12712 10160 20127 40208 57020 70200 81400 22223
200102140000  790 12160 040033 1 1VVKK       03203144 96 5010040    3 290                743 532             165 29871992114 5                     2F1722F1111111AAA1AAA      276    13                    4                                              366                                                              99 0 BBXX01021320012200 VVKK 14003 99079 11216 41596 73228 10290 20/// 40040 70503 84332 22233 00/// 2////
200102140600  790 12320 040033 1 1VVKK       03203134 96 3010020    0 315                744 542             165 29873992114 5                     2F5724F1114111AAA1AAA      276     2                    1                                              366                                                              99 0 BBXX01021420010204 VVKK 14063 99079 11232 10596 73226 10315 40020 70302 84442 22233
200102140600 2510  5770 040073 1 1VTXF       01004 46 98 20101951 200 200       110      000 900             165 21957992114 5                     2F111111111111A1A1AA1      276    10                    4                                              366                                                              99 0 BBXX01021420010204 VTXF 14064 99251 10577 41998 01009 10200 20110 40195 51020 70200 80000 22273
200102140600 3730   650 040023 1 1VTXK       01003 62 98 20101984  00 130        94      311 644             165 21476992114 5                     1F111111111111A1A1AA1      276    10                    4                                              366                                                              99 0 BBXX01021420010704 VTXK 14063 99373 10065 41698 31012 10130 20094 40198 54000 70200 81144 22223
200102141200 3730   930 0400   1 1VTXK       01003 72 98 30101787 200 160       103      614 630             165 21479992114 5                     2F111111111111A1A1AA1      276    10                    4                                              366                                                              99 0 BBXX01021420011414 VTXK 14123 99373 10093 41698 61014 10160 20103 40178 57020 70300 81430
200102150600 2670  5230 040063 1 1VTXF       01604 26 98 12101781 100 205       160      624 614             165 21962992114 5                     2F111111111111A1A1AA1      276    12                    4                                              366                                                              99 0 BBXX01021520010210 VTXF 15064 99267 10523 41698 61605 10205 20160 40178 51010 70122 82414 22263
200102151200 3630  1440 040023 1 1VTXK       01003 98 98 22102284  00 110        72      541 420             165 21564992114 5                     2F111111111111A1A1AA1      276    12                    4                                              366                                                              99 0 BBXX01021520010908 VTXK 15123 99363 10144 41498 51019 10110 20072 40228 54000 70222 84120 22223
200102161200 3410  2000 040033 1 1VTXK       0 403139 98 22102684  00 140       105      442 400             165 21640992114 5                     2F111111111111A1A1AA1      276    12                    4                                              366                                                              99 0 BBXX01021620010900 VTXK 16123 99341 10200 41498 40427 10140 20105 40268 54000 70222 84200 22233
200102161200 3410  2050 040033 1 1VTXK       0 403139 98 22102684  00 140       105      442 400             165 21640992114 5                     2F111111111111A1A1AA1      276    12                    4                                              366                                                              99 0 BBXX01021620011100 VTXK 16123 99341 10205 41498 40427 10140 20105 40268 54000 70222 84200 22233
200102170600 -940 13130 040062 1 1VVGQ       02803134 96 32 99904  00 290       236      864 52A             165 33591992114 5                     2F131411114111A1A1AA1      276    16                    4                                              366                                                              99 0 BBXX01021720010300 VVGQ 17063 99094 31313 41596 82826 10290 20236 49990 54000 70326 8642/ 22262
200102170600 3310  2460 040033 1 1VTXK       03603113 98 22102584  00 110        72      551 600             165 21634992114 5                     2F111111111111A1A1AA1      276    12                    4                                              366                                                              99 0 BBXX01021720010300 VTXK 17063 99331 10246 41698 53622 10110 20072 40258 54000 70222 85100 22233
200102171200 3280  2660 040033 1 1VTXK       03603113 98 22102584  00 110        72      441 500             165 21626992114 5                     2F111111111111A1A1AA1      276    12                    4                                              366                                                              99 0 BBXX01021720011400 VTXK 17123 99328 10266 41598 43622 10110 20072 40258 54000 70222 84100 22233
200102180000  630  9440 0400   1 1VVJV       0 803 77 97 15101024  00 270       250      423 321             165 29564992114 5                     2F111111111111A1A1AA1      276    11                    4                                              366                                                              99 0 BBXX01021720012200 VVJV 18003 99063 10944 41397 40815 10270 20250 40102 54000 70151 82321
200102200600 2710  3430 0400   1 1VTXK       03203103 98   10178    0 210       128      3   3               165 21774992114 5                     2F11111111AA11A1A1AAA      276    1                     4                                              366                                                              99 0 BBXX01022020010300 VTXK 20063 99271 10343 41398 33220 10210 20128 40178
200102201200 4620  -750 040074 1 1VVGG       0 703 92 98 22103376  50 160        60      312 621             165 17767992114 5                     2F311111111111A1A1AA1      276    12                    4                                              366                                                              99 0 BBXX01022020011313 VVGG 20123 99462 70075 41698 30718 10160 20060 40337 56005 70222 81221 22274
200102201800 2470  3560 040033 1 1VTXK       03403 67 98 20101634  00 210       161      300 900             165 21745992114 5                     1F111111111111A1A1AA1      276    10                    4                                              366                                                              99 0 BBXX01022020011500 VTXK 20183 99247 10356 41998 33413 10210 20161 40163 54000 70200 80000 22233
200102210000 2350  3650 040033 1 1VTXK       03403 77 98 20101634  00 200       120      7 A 7AA             165 21736992114 5                     1F111111111111A1A1AA1      276    20                    4                                              366                                                              99 0 BBXX01022020012307 VTXK 21003 99235 10365 42798 73415 10200 20120 40163 54000 70200 8//// 22233
200102211200 2120  3800 040033 1 1VTXK       0 403 98 98 10101634  00 230       185      110 704             165 21718992114 5                     2F121111111111A1A1AA1      276    10                    4                                              366                                                              99 0 BBXX01022120011000 VTXK 21123 99212 10380 41798 10419 10230 20185 40163 54000 70100 81004 22233
200102211200 2120 -3800 040033 1 1VTXK       0 403 98 98 10101634  00 230       185      1   7               165 24618992114 5                     2F111111111111A1A1AA1      276    10                    4                                              366                                                              99 0 BBXX01022120011312 VTXK 21123 99212 70380 41798 10419 10230 20185 40163 54000 70100 22233
200102220000 1890  3950 040033 1 1VTXK       03003 98 98   101584  00 230       185        A AAA             165 25389992114 5                     1F13111111AA11A1A8AA1      276    2                     4                                              366                                                              99 0 BBXX01022120012200 VTXK 22003 99189 10395 42/98 /3019 10230 20185 40158 54000 8//// 22233
200102220000 4850  -510 040053 1 1ATQO       02403 51 97 30103063 110 110        92      124 900             165 17785992114 5                     1F111111111111A1A4AA1      276    10                    4                                              366                                                              99 0 BBXX01022220010600 ATQO 22003 99485 70051 41997 12410 10110 20092 40306 53011 70300 82400 22253
200102220600 1760  4020 0400   1 1VTXK       03103 87 96 22101684  00 260       202      542 710             165 25470992114 5                     2F111111114111A1A1AA1      276    12                    4                                              366                                                              99 0 BBXX01022220010700 VTXK 22063 99176 10402 41796 53117 10260 20202 40168 54000 70222 84210
200102220600 1760  4020 040033 1 1VTXK       03103 87 96 22101684  00 260       202      542 710             165 25470992114 5                     2F111111114111A1A1AA1      276    12                    4                                              366                                                              99 0 BBXX01022220010300 VTXK 22063 99176 10402 41796 53117 10260 20202 40168 54000 70222 84210 22233
200102220600 4780  -630 040053 1 1ATQO       02403 62 97 30102757 150 110  980  110      536 211             165 17776992114 5                     1F11113111111199A1AA1      276    10                    4                                              366                                                              99 0 BBXX01022220010300 ATQO 22063 99478 70063 41297 52412 10110 20110 40275 57015 70300 83611 22253 84980
200102221200  540  7950 040033 1 1ATJZ       02803 26 97 20100755 100 330       265      212 540             165 29359992114 5                     2F711111111116A6A1AA1      276    10                    4                                              366                                                              99 0 BBXX01022220010903 ATJZ 22123 99054 10795 41597 22805 10330 20265 40075 55010 70200 81240 22233
200102221200 3610  -440 040024 1 1VVGG       0 903504 98 21102402 200 180       140      1 A AA1             165 21364992114 5                     2F161111111111A1A1AA1      276    11                    4                                              366                                                              99 0 BBXX01022220010903 VVGG 22123 99361 70044 41/98 10998 10180 20140 40240 52020 70211 8///1 22224
200102221200 4630  -710 040053 1 1ATQO       01903 51 98 32102667  80 130  980  112      775 327             165 17767992114 5                     2F11111111111199A1AA1      276    12                    4                                              366                                                              99 0 BBXX01022220010903 ATQO 22123 99463 70071 41398 71910 10130 20112 40266 57008 70322 87527 22253 84980
200102221200 4630  -710 040053 1 1ATQO       01903360 98 32102667  83 130  900  112      775 327             165 17767992114 5                     2F11711111111199A1AA1      276    12                    4                                              366                                                              99 0 BBXX01022220011103 ATQO 22123 99463 70071 41398 71970 10130 20112 40266 57008 70322 87527 22253 8490/
200102221800 1520  4180 040033 1 1VTXK       03003 67 98   101487 200 230       185      000 900             165 25451992114 5                     1F11111111AA11A1A1AA1      276    2                     4                                              366                                                              99 0 BBXX01022220011600 VTXK 22183 99152 10418 42998 03013 10230 20185 40148 57020 80000 22233
200102221800 4540  -830 040053 1 1ATQO       01003 82 98 21102157 210 140  980  110      532 110             165 17758992114 5                     1F11111111111199A1AA1      276    11                    4                                              366                                                              99 0 BBXX01022220011900 ATQO 22183 99454 70083 41198 51016 10140 20110 40215 57021 70211 83210 22253 84980
200102230000 1400  4230 040033 1 1VTXK       0 603 72 96   101582  80 250       222        A AAA             165 25442992114 5                     1F11111111AA11A1A8AA1      276    2                     4                                              366                                                              99 0 BBXX01022220012200 VTXK 23003 99140 10423 42/96 /0614 10250 20222 40158 52008 8//// 22233
200102230000 4410  -910 040053 1 1ATQO       01003 92 96 21101917 240 120       102      644 290             165 17749992114 5                     1F111111114111A1A1AA1      276    11                    4                                              366                                                              99 0 BBXX01022320010600 ATQO 23003 99441 70091 41296 61018 10120 20102 40191 57024 70211 84490 22253
200102230600  650  8270 040083 1 1ATJZ       03613 21 97 2010112    0 310       211      2 A 6AA             165 29462992114 5                     2F3FF121211111A1A1AAA      276    10                    4                                              366                                                              99 0 BBXX01022320010200 ATJZ 23063 99065 10827 41697 20004 10310 20211 40112 70200 8//// 22283
200102230600 1300  4310 040033 1 1VTXK       03003 67 97 22101487 100 270       229      751 520             165 25433992114 5                     2F131111111111A1A1AA1      276    12                    4                                              366                                                              99 0 BBXX01022320010200 VTXK 23063 99130 10431 41597 73013 10270 20229 40148 57010 70222 85120 22233
200102230600 4290  -990 040043 1 1ATQO       01003108 96 11101447 160 130  980  110      321 210             165 17729992114 5                     1F11111111411199A1AA1      276    11                    4                                              366                                                              99 0 BBXX01022320010400 ATQO 23063 99429 70099 41296 31021 10130 20110 40144 57016 70111 82110 22243 84980
200102231200  810  8270 040083 1 1ATJZ       03613    98 20100796 150 270       214      000 900             165 29482992114 5                     2F111111211111A1A1AA1      276    10                    4                                              366                                                              99 0 BBXX01022320011003 ATJZ 23123 99081 10827 41998 0009/ 10270 20214 40079 56015 70200 80000 22283
200102231200 4130  -950 040043 1 1ATQO       03613 26 97 11101556 110 160  980  140      652 315             165 17719992114 5                     2F1FF11121111199A1AA1      276    11                    4                                              366                                                              99 0 BBXX01022320010821 ATQO 23123 99413 70095 41397 60005 10160 20140 40155 56011 70111 85215 22243 84980
200102231200 4130  -950 040043 1 1ATQO       03613 26 97 111015561110 160       140      652 315             165 17719992114 5                     2F1FF111211111A1A1AA1      276    11                    4                                              366                                                              99 0 BBXX01022320011003 ATQO 23123 99413 70095 41397 60005 10160 20140 40155 56111 70111 85215 22243 84/80
200102240000 3840  -950 040033 1 1ATQO       03613 31 97 21100943  40 140       123      551 310             165 21389992114 5                     1F1FF111211111A1A1AA1      276    11                    4                                              366                                                              99 0 BBXX01022420010711 ATQO 24003 99384 70095 41397 50006 10140 20123 40094 53004 70211 85110 22233
200102240600 3740  -940 040033 1 1ATQO       03613 31 97 15100726  30 130  980   90      535 431             165 21379992114 5                     1F1FF11121111199A1AA1      276    12                    4                                              366                                                              99 0 BBXX01022420010518 ATQO 24063 99374 70094 41497 50006 10130 20090 40072 56003 70152 83531 22233 84980
200102241200 3630  -810 040033 1 1ATQO       03303 77 97 10101052 250 250  980  190      332 444             165 21368992114 5                     2F71111111111666A1AA1      276    10                    4                                              366                                                              99 0 BBXX01022420011017 ATQO 24123 99363 70081 41497 33315 10250 20190 40105 52025 70100 83244 22233 84980
200102241800 1300  5100 040023 1 1VTXK       0 903 62 98   101684  00 250       192      400 900             165 25531992114 5                     1F11111111AA11A1A1AA1      276    2                     4                                              366                                                              99 0 BBXX01022420011806 VTXK 24183 99130 10510 42998 40912 10250 20192 40168 54000 80000 22223
200102250000 1330  5250 040023 1 1VTXK       0 903 67 98   101584  00 240       197      400 900             165 25532992114 5                     1F11111111AA11A1A1AA1      276    2                     4                                              366                                                              99 0 BBXX01022520010002 VTXK 25003 99133 10525 42998 40913 10240 20197 40158 54000 80000 22223
200102250600 2520  5770 040073 1 1VTXF       03204 87 97 20101541 200 230       170      200 902             165 21957992114 5                     2F111111111111A1A1AA1      276    10                    4                                              366                                                              99 0 BBXX01022520010600 VTXF 25064 99252 10577 41997 23217 10230 20170 40154 51020 70200 80002 22273
200102251200 3460  2130 0400   1 1VVGG       02103103 98   101302   0 190       140      4   7               165 21641992114 5                     2F11111111AA11A1A1AA7      276    1                     4                                              366                                                              99 0 BBXX01022520011000 VVGG 25123 99346 10213 41798 42120 10190 20140 40130 5201/
200102251200 3460  2130 040024 1 1VVGG       02103103 98 21101302 100 190       140      44A 732             165 21641992114 5                     2F111111111111A1A1AA1      276    10                    4                                              366                                                              99 0 BBXX01022520010813 VVGG 25123 99346 10213 41798 42120 10190 20140 40130 52010 70210 84/32 22224
200102260000 1010 11090 040013 1 1VVJV       03603 87 97 31101204  00 280       253      532 328             165 261 0992114 5                     2F111111111111A1A1AA1      276    11                    4                                              366                                                              99 0 BBXX01022520012200 VVJV 26003 99101 11109 41397 53617 10280 20253 40120 54000 70311 83228 22213
200102260000 1410  5800 040023 1 1VTXK       0 803 31 98   101487 100 240       211        A AAA             165 25548992114 5                     1F11111111AA11A1A8AA1      276    2                     4                                              366                                                              99 0 BBXX01022520012000 VTXK 26003 99141 10580 42/98 /0806 10240 20211 40148 57010 8//// 22223
200102260600 2680  5260 040073 1 1VTXF       03204159 97 20101552 200 210       120      110 901             165 21962992114 5                     2F112111111111A1A1AA1      276    10                    4                                              366                                                              99 0 BBXX01022620010200 VTXF 26064 99268 10526 41997 13231 10210 20120 40155 52020 70200 81001 22273
200102260600 3300  2710 040024 1 1VVGG       01503103 98 12101456  50 190       120      623 321             165 21637992114 5                     2F111111111111A1A1AA1      276    12                    4                                              366                                                              99 0 BBXX01022620010400 VVGG 26063 99330 10271 41398 61520 10190 20120 40145 56005 70122 82321 22224
200102261200 1440  6090 040023 1 1VTXK       0 503 31 98 30101287 200 260       233      332 400             165 25640992114 5                     2F111111111111A1A1AA1      276    10                    4                                              366                                                              99 0 BBXX01022620011210 VTXK 26123 99144 10609 41498 30506 10260 20233 40128 57020 70300 83200 22223
200102261200 3250  2910 040024 1 1VVGG       01503103 98   101552  50 190       140      6   4               165 21629992114 5                     2F11111111AA11A1A1AA1      276    1                     4                                              366                                                              99 0 BBXX01022620011006 VVGG 26123 99325 10291 41498 61520 10190 20140 40155 52005 22224
200102261200 3250  2910 040024 1 1VVGG       01503103 98 22101552  50 190       140      634 427             165 21629992114 5                     2F111111111111A1A1AA1      276    12                    4                                              366                                                              99 0 BBXX01022620010800 VVGG 26123 99325 10291 41498 61520 10190 20140 40155 52005 70222 83427 22224
200102261800 1460  6220 040023 1 1VTXK       0 203 67 98 22101682 300 240       197      642 420             165 25642992114 5                     1F111111111111A1A1AA1      276    12                    4                                              366                                                              99 0 BBXX01022620011500 VTXK 26183 99146 10622 41498 60213 10240 20197 40168 52030 70222 84220 22223
200102270000 1340 11370 040013 1 1VVJV       0 403 87 97 31101026 250 290       264      431 223             165 26133992114 5                     2F111111111111A1A1AA1      276    11                    4                                              366                                                              99 0 BBXX01022620012200 VVJV 27003 99134 11137 41297 40417 10290 20264 40102 56025 70311 83123 22213
200102270000 1470  6370 040023 1 1VTXK       0 503 31 98   101584  00 240       211        A AAA             165 25643992114 5                     1F11111111AA11A1A8AA1      276    2                     4                                              366                                                              99 0 BBXX01022620012304 VTXK 27003 99147 10637 42/98 /0506 10240 20211 40158 54000 8//// 22223
200102270600  560  8160 040063 1 1ATJZ       03613 10 98 2010119    0 300       216      2 A 6AA             165 29451992114 5                     2F1FF111211111A1A1AAA      276    10                    4                                              366                                                              99 0 BBXX01022720010200 ATJZ 27063 99056 10816 41698 20002 10300 20216 40119 70200 8//// 22263
200102270600 2030  8860 040073 1 1ATIU       02103 51 97 10101224  00 280       253      220 930             165 222 8992114 5                     2F111111111111A1A1AA1      276    10                    4                                              366                                                              99 0 BBXX01022720010200 ATIU 27063 99203 10886 41997 22110 10280 20253 40122 54000 70100 82030 22273
200102280000 1500  6910 040023 1 1VTXK       0 503 51 98   101584  00 240       211      2 A AAA             165 25659992114 5                     1F11111111AA11A1A1AA1      276    2                     4                                              366                                                              99 0 BBXX01022720012200 VTXK 28003 99150 10691 42/98 20510 10240 20211 40158 54000 8//// 22223
200102280000 1620 11690 040013 1 1VVJV       0 403 77 97 11101581 200 280       253      431 201             165 26166992114 5                     2F111111111111A1A1AA1      276    11                    4                                              366                                                              99 0 BBXX01022720012200 VVJV 28003 99162 11169 41297 40415 10280 20253 40158 51020 70111 83101 22213
200102281800 1240  4550 040023 1 1VTXK       0 903 67 98   101487 150 250       209      500 900             165 25425992114 5                     1F11111111AA11A1A1AA1      276    2                     4                                              366                                                              99 0 BBXX01022320011600 VTXK 28183 99124 10455 42998 50913 10250 20209 40148 57015 80000 22223
200103010000 1930 12070 040013 1 1VVJV       0 403128 97 30101782 260 260       239      642 220             165 26290992114 5                     2F111111111111A1A1AA1      276    10                    4                                              366                                                              99 0 BBXX01022820012200 VVJV 01003 99193 11207 41297 60425 10260 20239 40178 52026 70300 84220 22213
200103010000 2500  3550 040034 1 1VVGG       01503 41 98 21101356 150 225       185      321 63A             165 21755992114 5                     1F111111111111A1A1AA1      276    10                    4                                              366                                                              99 0 BBXX01022820012100 VVGG 01003 99250 10355 41698 31508 10225 20185 40135 56015 70210 8213/ 22234
