200101030600 3230  2930 040073 1 1ATQO       03103103 97 10101772 270 170       140      432 401             165 21629992114 5                     2F111111111111A1A1AA1      276    10                    4                                              366                                                              99 0 BBXX01010320010400 ATQO 03063 99323 10293 41497 43120 10170 20140 40177 52027 70100 83201 22273
200101040600 1090  7540 040033 1 1VWXG       0 503 31 97 20101101 200 270       229      311 402             165 257 5992114 5                     2F111111111111A1A1AA1      276    10                    4                                              366                                                              99 0 BBXX01010420010200 VWXG 04063 99109 10754 41497 30506 10270 20229 40110 51020 70200 81102 22233
200101040600 3390  2350 040073 1 1ATQO       02903 82 98 11101822  40 170       140      754 421             165 21633992114 5                     2F111111111111A1A1AA1      276    11                    4                                              366                                                              99 0 BBXX01010420010200 ATQO 04063 99339 10235 41498 72916 10170 20140 40182 52004 70111 85421 22273
200101050600 3540  1770 040073 1 1ATQO       02903139 98 11101574  00 170       140      534 211             165 21557992114 5                     2F111111111111A1A1AA1      276    11                    4                                              366                                                              99 0 BBXX01010520010204 ATQO 05063 99354 10177 41298 52927 10170 20140 40157 54000 70111 83411 22273
200101051200 3540  1630 040073 1 1ATQO       02903175 96 31101733  10 160       127      344 611             165 21556992114 5                     2F111111114111A1A4AA1      276    11                    4                                              366                                                              99 0 BBXX01010520011001 ATQO 05123 99354 10163 41696 32934 10160 20127 40173 53001 70311 84411 22273
200101051200 3710   390 040024 1 1VVGG       02203 36 97 22101906 250 210       128      634 342             165 21473992114 5                     2F511111111111A1A1AA1      276    12                    4                                              366                                                              99 0 BBXX01010520011001 VVGG 05123 99371 10039 41397 62207 10210 20128 40190 56025 70222 83442 22224
200101060600 2510  5850 0400   1 1VWWY       02703103 97 20101621  40 230       134      1   0               165 21958992114 5                     2F131111111111A1A1AA1      276    10                    4                                              366                                                              99 0 BBXX01010620010159 VWWY 06063 99251 10585 41097 12720 10230 20134 40162 51004 70200
200101060600 2510  5850 040063 1 1VWWY       02703103 97 20101621  40 230       134      100 001             165 21958992114 5                     2F131111111111A1A1AA1      276    10                    4                                              366                                                              99 0 BBXX01010620010200 VWWY 06063 99251 10585 41097 12720 10230 20134 40162 51004 70200 80001 22263 NNNN
200101060600 3690  1190 040073 1 1ATQO       02903 41 97 10101526  70 170       154      200 901             165 21561992114 5                     1F111111111111A1A1AA1      276    10                    4                                              366                                                              99 0 BBXX01010620010400 ATQO 06063 99369 10119 41997 22908 10170 20154 40152 56007 70100 80001 22273
200101061200 3720  1020 040073 1 1ATQO       01803 57 97 20101376 100 180       164      320 700             165 21570992114 5                     2F111111111111A1A1AA1      276    10                    4                                              366                                                              99 0 BBXX01010620010800 ATQO 06123 99372 10102 41797 31811 10180 20164 40137 56010 70200 82000 22273
200101070000 3710   710 040063 1 1ATQO       02703 57 96 30101322 120 180       148      778 422             165 21477992114 5                     1F111111114111A1A1AA1      276    11                    4                                              366                                                              99 0 BBXX01010720010400 ATQO 07003 99371 10071 41496 72711 10180 20148 40132 52012 70301 87822 22263
200101071200 2410  5890 040033 1 1ATJZ       03613  0 99 20101442  20 300       274      2 A 0AA             165 21948992114 5                     2F511111111111A1A1AA1      276    10                    4                                              366                                                              99 0 BBXX01010720011000 ATJZ 07123 99241 10589 41099 20000 10300 20274 40144 52002 70200 8//// 22233
200101071200 3710   470 0400   1 1ATQO       02603144 97            3 150                7   4               165 21474992114 5                     2F111FF111AAA1AAA1AAA      276    1                     4                                              366                                                              99 0 BBXX01010720011000 ATQO 07123 99371 10047 41497 72628 1015/
200101071200 3710   470 040063 1 1ATQO       02603144 97 32101472  2            115      775 477             165 21474992114 5                     2FF111F111111AA1A1AA1      276    12                    4                                              366                                                              99 0 BBXX01010720011000 ATQO 07123 99371 10047 41497 72628 1/150 20115 40147 52002 70322 87577 22263
200101071200 3710   470 040063 1 1ATQO       02603144 97 32101472  20 150       115      775 477             165 21474992114 5                     2F111111111111A1A1AA1      276    12                    4                                              366                                                              99 0 BBXX01010720010900 ATQO 07123 99371 10047 41497 72628 10150 20115 40147 52002 70322 87577 22263
200101080600 2240  6310 040033 1 1ATJZ       03613  0 99 20101644  00 220       150      421 421             165 22023992114 5                     2F111111111111A1A1AA1      276    10                    4                                              366                                                              99 0 BBXX01010820010200 ATJZ 08063 99224 10631 41499 40000 10220 20150 40164 54000 70200 82121 22233 00/// 2////
200101080600 2240  6310 040033 1 1ATJZ       03613  0 99 20101644  00 220       150      421 A21             165 22023992114 5                     2F111111111111A1A1AA1      276     0                    4                                              366                                                              99 0 BBXX01010820011300 ATJZ 08063 99224 10631 4//99 40000 10220 20150 40164 54000 70200 82121 22233
200101080600 3260  2770 040034 1 1VVGG       01203 31 97 21102654  00 180       112      322 2A2             165 21627992114 5                     2F111111111111A1A1AA1      276    11                    4                                              366                                                              99 0 BBXX01010820010800 VVGG 08063 99326 10277 41297 31206 10180 20112 40265 54000 70211 822/2 22234
200101081200 3230  2990 0400   1 1VVGG       03623  0 97 20102456 100 210        90      0 0 9A7             165 21629992114 5                     2F311111211111A1A1AA1      276    10                    4                                              366                                                              99 0 BBXX01010820011000 VVGG 08123 99323 10299 41997 09900 10210 20090 40245 56010 70200 8/0/7 222//
200101081200 3230  2990 040034 1 1VVGG       03623  0 97 20102456 100 210        90      0 0 9A7             165 21629992114 5                     2F311111211111A1A1AA1      276    10                    4                                              366                                                              99 0 BBXX01010820010900 VVGG 08123 99323 10299 41997 09900 10210 20090 40245 56010 70200 8/0/7 22234
200101081200 3620  -150 040063 1 1ATQO       02603 51 98 10102326 100 150        97      120 745             165 21361992114 5                     2F111111111111A1A4AA1      276    10                    4                                              366                                                              99 0 BBXX01010820010900 ATQO 08123 99362 70015 41798 12610 10150 20097 40232 56010 70100 82045 22263
200101081200 3620  -150 040063 1 1ATQO       02603 51 98 10102326 100 150        97      120 785             165 21361992114 5                     2F111111111111A1A4AA1      276    10                    4                                              366                                                              99 0 BBXX01010820011000 ATQO 08123 99362 70015 41798 12610 10150 20097 40232 56010 70100 82085 22263
200101090000 1830-14640 040033 1 1VVKK       03613 41 98 30         0 280       111      643 572             165 27186992114 5                     2F311F612111A1A1A1AAA      276     1                    1                                              366                                                              99 0 BBXX01010820012102 VVKK 09003 99183 61464 10598 60008 10280 20111 70301 84372 22233
200101090000 3640  -500 040063 1 1ATQO       0 903 67 97 30101926 100 140       105      331 412             165 21365992114 5                     1F111111111111A1A1AA1      276    11                    4                                              366                                                              99 0 BBXX01010920010600 ATQO 09003 99364 70050 41497 30913 10140 20105 40192 56010 70301 83112 22263
200101090000-1830 14640 040033 1 1VVKK       03613 41 98 30         0 280       111      643 572             165 37286992114 5                     2F111F612111A1A9A1AAA      276     1                    1                                              366                                                              99 0 BBXX01010820012008 VVKK 09003 99183 31464 10598 60008 10280 20111 70301 84372 22233
200101090600 3600  -630 040073 1 1ATQO       01603 51 97 31101626 150 150  980  120      424 412             165 21366992114 5                     1F11111111111199A1AA1      276    11                    4                                              366                                                              99 0 BBXX01010920010300 ATQO 09063 99360 70063 41497 41610 10150 20120 40162 56015 70311 82412 22273 84980
200101091200 1940  6980 040033 1 1ATJZ       0 503 31 98 00101237  40 290       205      0 A AAA             165 25699992114 5                     2F111111111111A1A1AA1      276    10                    4                                              366                                                              99 0 BBXX01010920010800 ATJZ 09123 99194 10698 41/98 00506 10290 20205 40123 57004 70000 8//// 22233
200101091200 3620  -740 040063 1 1ATQO       02303206 96804101466  90 160  980  153      874 288             165 21367992114 5                     2F11313111111199A1AA1      276    12                    4                                              366                                                              99 0 BBXX01010920010900 ATQO 09123 99362 70074 41296 82340 10160 20153 40146 56009 78042 87488 22263 84980
200101101200 2600  3490 040034 1 1VVGG       03503 31 98 20102006 200 270       110      111 841             165 21764992114 5                     2F311111111111A1A1AA1      276    10                    4                                              366                                                              99 0 BBXX02011020011000 VVGG 10123 99260 10349 41898 13506 10270 20110 40200 56020 70200 81141 22234
200101101200 4020  -940 040083 1 1ATQO       01803170 94624     6 100 160  980           884 207             165 177 9992114 5                     2F111FF11111A19AA1AA1      276    15                    4                                              366                                                              99 0 BBXX01011020011000 ATQO 10123 99402 70094 41294 81833 10160 201/4 41057 56010 76245 88407 22283 84980
200101101200 4020  -940 040083 1 1ATQO       01803170 94624100576 100 160  980  144      884 207             165 177 9992114 5                     2F11111111111199A1AA1      276    15                    4                                              366                                                              99 0 BBXX01011020010900 ATQO 10123 99402 70094 41294 81833 10160 20144 40057 56010 76245 88407 22283 84980
200101110000 4340  -940 040083 1 1ATQO       02003139 96 31100146  80 140       123      443 173             165 17739992114 5                     1F111111114111A1A1AA1      276    11                    4                                              366                                                              99 0 BBXX01011120010600 ATQO 11003 99434 70094 41196 42027 10140 20123 40014 56008 70311 84373 22283
200101110600 2160  3770 040034 1 1VVGG       0 203 62 97 20102156 250 240       164      9   A               165 21717992114 5                     2F111311111111A1A4AA1      276    10                    4                                              366                                                              99 0 BBXX01011120010300 VVGG 11063 99216 10377 41/97 90212 10240 20164 40215 56025 70200 22234
200101110600 4400  -880 040023 1 1ATQO       01903139 96 35 99945  60 110  980  110      754 120             165 17748992114 5                     1F11113111411199A1AA1      276    12                    4                                              366                                                              99 0 BBXX01011120010300 ATQO 11063 99440 70088 41196 71927 10110 20110 49994 55006 70352 85420 22223 84980
200101111200 2020  3870 040034 1 1VVGG       01403 62 98 31101356 150 275       120      331 734             165 217 8992114 5                     2F111121111111A1A1AA1      276    10                    4                                              366                                                              99 0 BBXX01011120011101 VVGG 11123 99202 10387 41798 31412 10275 20120 40135 56015 70310 83134 22234
200101111200 4350  -650 040023 1 1ATQO       0 903 67 98 21100342 210 160  980  127      342 328             165 17736992114 5                     2F11111111111199A4AA1      276    11                    4                                              366                                                              99 0 BBXX01011120010900 ATQO 11123 99435 70065 41398 30913 10160 20127 40034 52021 70211 84228 22223 84980
200101111800 1880  3960 040034 1 1VVGG       01203 31 97 21101354  00 250                522 422             165 25389992114 5                     1F1111F1111111AAA1AA1      276    11                    4                                              366                                                              99 0 BBXX01011120011400 VVGG 11183 99188 10396 41497 51206 10250 28158 40135 54000 70211 82222 22234
200101120000 1080 13790 040033 1 1VVKK       02703 46 98 1010094    0 300                543 551             165 263 7992114 5                     2F1511F1111111AAA1AAA      276     2                    1                                              366                                                              99 0 BBXX01011120012100 VVKK 12003 99108 11379 10598 52709 10300 40094 70102 84351 22233
200101120600 1590  4140 040034 1 1VVGG       01903 92 96102101652 350 250       170      9   A               165 25451992114 5                     2F111111111111A1A3AA1      276    12                    4                                              366                                                              99 0 BBXX01011220010300 VVGG 12063 99159 10414 41/96 91918 10250 20170 40165 52035 71022 22234
200101121200 1450  4240 040034 1 1VVGG       02603 87 98 21101152 100 270       140      1 0 A07             165 25442992114 5                     2F151141111111A1A1AA1      276    10                    4                                              366                                                              99 0 BBXX01011220010900 VVGG 12123 99145 10424 41/98 12617 10270 20140 40115 52010 70210 8/007 22234
200101130000  940 13170 040073 1 1VVKK       0 80     98 3010071    0 320                624 643             165 29991992114 5                     2F5FF1F1711111AAA1AAA      276     2                    1                                              366                                                              99 0 BBXX01011320010300 VVKK 13006 99094 11317 10698 60809 10320 40071 70302 82443 22273
200101130000  940 13170 040073 1 1VVKK       0 803 46 98 3010071    0 320                624 643             165 29991992114 5                     2F5111F1111111AAA1AAA      276     2                    1                                              366                                                              99 0 BBXX01011320010300 VVKK 13003 99094 11317 10698 60809 10320 40071 70302 82443 22273
200101130000  980 13300 040033 1 1VVKK       03613 46 98 1010089    0 290                532 572             165 29993992114 5                     2F1111F1211111AAA1AAA      276     3                    1                                              366                                                              99 0 BBXX01011220012000 VVKK 13003 99098 11330 10598 50009 10290 40089 70103 83272 22233
200101130600  940 13170 040073 1 1VVKK       0 800 90 98 3010071    0 320                624 643             165 29991992114 5                     2F5111F1111111AAA1AAA      276     2                    1                                              366                                                              99 0 BBXX01011320010400 VVKK 13060 99094 11317 10698 60809 10320 40071 70302 82443 22273
200101130600 1280  4610 040024 1 1VVGG       0 703 51 98 22102102 550 250       158      733 212             165 25426992114 5                     2F111111111111A1A1AA1      276    12                    4                                              366                                                              99 0 BBXX01011320010300 VVGG 13063 99128 10461 41298 70710 10250 20158 40210 52055 70222 83312 22224
200101130600 4520  -440 040073 1 1ATQO       01003 51 95 21100671 140 130  980  130      634 421             165 17754992114 5                     1F11113111411199A1AA1      276    11                    4                                              366                                                              99 0 BBXX01011320010300 ATQO 13063 99452 70044 41495 61010 10130 20130 40067 51014 70211 83421 22273 84980
200101130600 4520  -450 040073 1 1ATQO       01003 51 95 21100671 143 130  980  130      634 421             165 17754992114 5                     1F11113111411199A1AA1      276    11                    4                                              366                                                              99 0 BBXX01011320010300 ATQO 13063 99452 70045 41495 61010 1013/ 20130 40067 51014 70211 83421 22273 84980
200101131200 1320  4770 040024 1 1VVGG       01003 92 98 20101706 250 260       140      0   9               165 25437992114 5                     2F111121111111A1A1AA1      276    10                    4                                              366                                                              99 0 BBXX01011320011301 VVGG 13123 99132 10477 41998 01018 10260 20140 40170 56025 70200 22224
200101131200 4620  -440 040073 1 1ATQO       0 303103 96 22102122 220 110  980   92      885 200             165 17764992114 5                     2F11111111411199A1AA1      276    12                    4                                              366                                                              99 0 BBXX01011320010900 ATQO 13123 99462 70044 41296 80320 10110 20092 40212 52022 70222 88500 22273 84980
200101140000  850 12820 040073 1 1VVKK       0 903 46 98 3010069    0 290                743 530             165 29888992114 5                     2F1111F1111111AAA1AAA      276     3                    1                                              366                                                              99 0 BBXX01011320012100 VVKK 14003 99085 11282 10598 70909 10290 40069 70303 84330 22273
200101140600 1450  5290 040024 1 1VVGG       0 403 77 98 22102202 100 240       147      733 362             165 25542992114 5                     2F111111111111A1A1AA1      276    12                    4                                              366                                                              99 0 BBXX01011420010300 VVGG 14063 99145 10529 41398 70415 10240 20147 40220 52010 70222 83362 22224
200101140600 4950  -350 040013 1 1ATQO       0 503154 97 00102724  00  70  980   70        A AAA             165 17793992114 5                     1F11113111111199A8AA1      276    10                    4                                              366                                                              99 0 BBXX01011420010300 ATQO 14063 99495 70035 41/97 /0530 10070 20070 40272 54000 70000 8//// 22213 84980
200101141200 1490  5460 040024 1 1VVGG       0 103128 98 20101806 300 230        80      100 902             165 25544992114 5                     2F112121111111A1A1AA1      276    10                    4                                              366                                                              99 0 BBXX01011420010802 VVGG 14123 99149 10546 41998 10125 10230 20080 40180 56030 70200 80002 22224
200101141200 1550  8650 040043 1 1VTXK       0 803 36 97   101557 200 250       192      000 900             165 25856992114 5                     1F11111111AA11A1A1AA1      276    2                     4                                              366                                                              99 0 BBXX01011420011200 VTXK 14123 99155 10865 42997 00807 10250 20192 40155 57020 80000 22243
200101141200 2180  6440 040073 1 1ATJZ       03303 31 98 20101396 200 230       177      000 900             165 22014992114 5                     2F111111111111A1A1AA1      276    10                    4                                              366                                                              99 0 BBXX01011420011200 ATJZ 14123 99218 10644 41998 03306 10230 20177 40139 56020 70200 80000 22273
200101150000  790 12340 040073 1 1VVKK       03613 46 97 3010074    3 280                643 531             165 29873992114 5                     2F1111F1211111AAA1AAA      276     1                    1                                              366                                                              99 0 BBXX01011420012100 VVKK 15003 99079 11234 10597 60009 10280 20/// 40074 5//// 70301 84331 22273 00/// 2////
200101150000 2310  6130 040073 1 1ATJZ       03503 31 98 20101502  80 210       147      1 A 9AA             165 22031992114 5                     1F111111111111A1A1AA1      276    10                    4                                              366                                                              99 0 BBXX01011420012354 ATJZ 15003 99231 10613 41998 13506 10210 20147 40150 52008 70200 8//// 22273
200101150600 1120  8540 0400   1 1VTXK       0 903 72 97 20101604  00 290       206      432 547             165 25815992114 5                     2F111111111111A1A1AA1      276    10                    4                                              366                                                              99 0 BBXX01011520010500 VTXK 15063 99112 10854 41597 40914 10290 20206 40160 54000 70200 83247 222//
200101150600 1620  5970 040024 1 1VVGG       0 203    98 21102004  00 270        74      422 311             165 25569992114 5                     2F1FF141711111A1A1AA1      276    11                    4                                              366                                                              99 0 BBXX01011520010500 VVGG 15063 99162 10597 41398 402/0 10270 20074 40200 54000 70211 82211 22224
200101150600 2370  5990 040073 1 1ATJZ       03403 51 99 20101892 100 230       180      00A 9AA             165 21939992114 5                     2F111111111111A1A1AA1      276    10                    4                                              366                                                              99 0 BBXX01011520010500 ATJZ 15063 99237 10599 41999 03410 10230 20180 40189 52010 70200 80/// 22273
200101151200  980  8460 040043 1 1VTXK       0 803 67 97   101357 200 270       214      631 624             165 29494992114 5                     2F11111111AA11A1A1AA1      276    2                     4                                              366                                                              99 0 BBXX01011520010900 VTXK 15123 99098 10846 42697 60813 10270 20214 40135 57020 83124 22243
200101151800  870  8420 040043 1 1VTXK       0 903 67 97 22101602 200 260       202      65A 5AA             165 29484992114 5                     1F111111111111A1A1AA1      276    12                    4                                              366                                                              99 0 BBXX01011520011400 VTXK 15183 99087 10842 41597 60913 10260 20202 40160 52020 70222 85/// 22243
200101160000  730 12020 040073 1 1VVKK       03103 92 96 3210096    3 270                893 587             165 29870992114 5                     2F1511F1114111AAA3AAA      276     1                    1                                              366                                                              99 0 BBXX01011520012200 VVKK 16003 99073 11202 10596 83118 10270 20/// 40096 70321 89387 22273 0//// 2////
200101160000  740  8380 040043 1 1VTXK       0 903 67 97   101504  00 260       202      611 934             165 29473992114 5                     1F11111111AA11A1A1AA1      276    2                     4                                              366                                                              99 0 BBXX01011520012200 VTXK 16003 99074 10838 42997 60913 10260 20202 40150 54000 81134 22243
200101160600  660 11930 040073 1 1VVKK       0 803139 96 3210081    3 285                744 432             165 29769992114 5                     2F1411F1114111AAA1AAA      276     5                    1                                              366                                                              99 0 BBXX01011620010259 VVKK 16063 99066 11193 10496 70827 10285 20/// 40081 70325 84432 22273 0//// 2////
200101160600 -820  7830 040000 1 1VTJR       03604 82 97 22 91637 100 244       220 1 170660 820             165 32988992114 5                     26212611111191A191AA1      276    12                    4                                              366                                                              99 0 BBXX01011620010459 VTJR 16064 99082 30783 41897 63616 10244 20220 49163 57010 70222 86020 22200 00170
200101160600 1790  6690 040024 1 1VVGG       0 203 41 98 22102002  50 250       175      742 223             165 25676992114 5                     2F111111111111A1A1AA1      276    12                    4                                              366                                                              99 0 BBXX01011620010459 VVGG 16063 99179 10669 41298 70208 10250 20175 40200 52005 70222 84223 22224
200101170000  410  8010 0400   1 1VTXK       0 203 67 97 32101407 200 260       218      744 924             165 29440992114 5                     1F111111111111A1A1AA1      276    12                    4                                              366                                                              99 0 BBXX01011720012059 VTXK 17003 99041 10801 41997 70213 10260 20218 40140 57020 70322 84424
200101170000  600 11600 040073 1 1VVKK       02703 77 97 3210099    3 270                644 533             165 29766992114 5                     2F1511F1111111AAA1AAA      276     5                    1                                              366                                                              99 0 BBXX01011720012059 VVKK 17003 99060 11160 10597 62715 10270 20/// 40099 5//// 70325 84433 22273 00/// 2////
200101170000 1590  8200 040053 1 1ATJW       01603 26 97 10101672 110 240       211      321 312             165 25852992114 5                     1F111111111111A1A1AA1      276    10                    4                                              366                                                              99 0 BBXX01011720012159 ATJW 17003 99159 10820 41397 31605 10240 20211 40167 52011 70100 82112 22253 00/// 2////
200101170600  590 11510 040073 1 1VVKK       03003 77 98 3210075    3 285                724 543             165 29755992114 5                     2F1311F1111111AAA1AAA      276     2                    1                                              366                                                              99 0 BBXX01011720010259 VVKK 17063 99059 11151 10598 73015 10285 20/// 40075 5//// 70322 82443 22273 00/// 2////
200101180000  490 11190 040073 1 1VVKK       02903 77 98 3210094    3 270                734 531             165 29741992114 5                     2F1511F1111111AAA1AAA      276     1                    1                                              366                                                              99 0 BBXX01011820012059 VVKK 18003 99049 11119 10598 72915 10270 20/// 40094 5//// 70321 83431 22273 00/// 2////
200101260000 2220  3740 040073 1 1VTXK       03203139 97   102002  50 215       168      000 900             165 21727992114 5                     1F13111111AA11A1A1AA1      276    2                     4                                              366                                                              99 0 BBXX04012620011959 VTXK 26003 99222 10374 42997 03227 10215 20168 40200 52005 80000 22273
200101260600 1060  6530 040064 1 1VVGG       03503 41 98 12101452 100 280       200      521 334             165 256 5992114 5                     2F111111111111A1A1AA1      276    12                    4                                              366                                                              99 0 BBXX01012620010359 VVGG 26063 99106 10653 41398 53508 10280 20200 40145 52010 70122 82134 22264
200101260600 2310  3670 040073 1 1VTXK       03203154 98 22102004  00 210       147      551 200             165 21736992114 5                     2F131111111111A1A1AA1      276    12                    4                                              366                                                              99 0 BBXX01012620010300 VTXK 26063 99231 10367 41298 53230 10210 20147 40200 54000 70222 85100 22273
200101261200 1430  7210 040073 1 1VWNS       03603 77 96 10100776 480 295       255 1 270310 714             165 25742992114 5                     21111111114111A111AA1      276    10                    4                                              366                                                              99 0 BBXX01012620011115 VWNS 26123 99143 10721 41796 33615 10295 20255 40077 56048 70100 81014 22273 00270 2////
200101261200 2250  6200 040073 1 1ATJW       03613  5 97   101447 230 320       294      000 000             165 22022992114 5                     2F7FF11121AA16A6A3AA1      276    2                     4                                              366                                                              99 0 BBXX01012620010759 ATJW 26123 99225 10620 42097 00001 10320 20294 40144 57023 7//// 80000 22273 00/// 2////
200101270600 1220  5870 040064 1 1VVGG       0 303 62 97 36101752 100 240       190      844 246             165 25528992114 5                     2F111111111111A1A1AA1      276    12                    4                                              366                                                              99 0 BBXX01012720010159 VVGG 27063 99122 10587 41297 80312 10240 20190 40175 52010 70362 84446 22264
200101271200 1760  6770 040073 1 1VWNS       0 503 77 97 20100871 420 265       225 1 240200 735             165 25677992114 5                     21111111111111A111AA1      276    10                    4                                              366                                                              99 0 BBXX01012720010859 VWNS 27123 99176 10677 41797 20515 10265 20225 40087 51042 70200 80035 22273 00240
200101271200 2770  3390 040073 1 1VTXK       03403123 98 10102506 150 210       109      000 900             165 21773992114 5                     2F111111111111A1A1AA1      276    10                    4                                              366                                                              99 0 BBXX01012720010859 VTXK 27123 99277 10339 41998 03424 10210 20109 40250 56015 70100 80000 22273
200101280000 2030  6420 040033 1 1VWWY       03603 51 96 11101361  50 230       202      312 510             165 220 4992114 5                     1F111111114111A1A1AA1      276    11                    4                                              366                                                              99 0 BBXX01012820010000 VWWY 28003 99203 10642 41596 33610 10230 20202 40136 51005 70111 81210 22233
200101280600 1320  5220 040064 1 1VVGG       0 203 41 98 31102006 200 260       200      631 322             165 25532992114 5                     2F111111111111A1A1AA1      276    11                    4                                              366                                                              99 0 BBXX01012820010500 VVGG 28063 99132 10522 41398 60208 10260 20200 40200 56020 70311 83122 22264
200101280600 1950  6520 040033 1 1VWWY       0 403 51 97 20101461  50 260       202      100 005             165 25695992114 5                     2F111111111111A1A1AA1      276    10                    4                                              366                                                              99 0 BBXX01012820010159 VWWY 28063 99195 10652 41097 10410 10260 20202 40146 51005 70200 80005 22233
200101281200 1880  6620 040033 1 1VWWY       0 403 62 97 20101167 300 270                200 702             165 25686992114 5                     2F1111F1111111AAA1AA1      276    10                    4                                              366                                                              99 0 BBXX01012820011300 VWWY 28123 99188 10662 41797 20412 10270 40116 57030 70200 80002 22233
200101281200 1880  6620 040033 1 1VWWY       0 403 62 97 20101167 300 270       198      200 702             165 25686992114 5                     2F111111111111A1A1AA1      276    10                    4                                              366                                                              99 0 BBXX01012820011059 VWWY 28123 99188 10662 41797 20412 10270 20198 40116 57030 70200 80002 22233
200101290600 1260  4530 040064 1 1VVGG       0 903 31 98 21102002  50 230       180      331 4AA             165 25425992114 5                     2F111111111111A1A1AA1      276    11                    4                                              366                                                              99 0 BBXX01012920010159 VVGG 29063 99126 10453 41498 30906 10230 20180 40200 52005 70211 831// 22264
200101291200 2410  5870 040073 1 1VWNS       0 203108 98 201012322920 180       105 1 235100 901             165 21948992114 5                     21112111111111A111AA5      276    10                    4                                              366                                                              99 0 BBXX01012920011059 VWNS 29123 99241 10587 41998 10221 10180 20105 40123 52292 70200 80001 22273 00235 2////
200101300000 3230  3030 040063 1 1VTXK       01403 87 98   102004  00  17       138      99A AAA             165 18120992114 5                     1F6111F111AA19A9A1AA1      276    2                     4                                              366                                                              99 0 BBXX01013020012059 VTXK 30003 99323 10303 42/98 91417 10017 20138 40200 54000 89/// 22263
200101300000 3230  3030 040063 1 1VTXK       01403 87 98105                     138       9A AAA             165 18120992114 5                     1FF11FF11111AAA1A3AAA      276     0                    4                                              366                                                              99 0 BBXX01013020012159 VTXK 30003 99323 10303 4//98 /1417 18/07 20138 71050 89/// 22263
200101300600 1360  7310 040033 1 1VWWY       03603 41 96 22     1  30 300       202      5   7               165 25733992114 5                     2F111F111141A1A1A1AA1      276    12                    4                                              366                                                              99 0 BBXX01013020010559 VWWY 30063 99136 10731 41796 53608 10300 20202 40/// 51003 70222 22233
200101300600 1660  4100 040074 1 1VVGG       03303 31 98 22101952 150 260       220      622 256             165 25461992114 5                     2F111311111111A1A1AA1      276    12                    4                                              366                                                              99 0 BBXX01013020010200 VVGG 30063 99166 10410 41298 63306 10260 20220 40195 52015 70222 82256 22274
200101300600 3260  2870 0400   1 1VTXK       01203 51 98 2210215    0 180       131      551 60A             165 21628992114 5                     2F111111111111A1A1AAA      276    12                    4                                              366                                                              99 0 BBXX01013020010559 VTXK 30063 99326 10287 41698 51210 10180 20131 40215 70222 8510/
200101300600 3260  2870 040063 1 1VTXK       01203 51 98 22     2 150 180       131      551 600             165 21628992114 5                     2F111F111111A1A1A1AA1      276    12                    4                                              366                                                              99 0 BBXX01013020010559 VTXK 30063 99326 10287 41698 51210 10180 20131 402/5 52015 70222 85100 22263
200101300600 3260  2870 040063 1 1VTXK       01203 51 98 22102152 150 180       131      551 600             165 21628992114 5                     2F111111111111A1A1AA1      276    12                    4                                              366                                                              99 0 BBXX01013020010259 VTXK 30063 99326 10287 41698 51210 10180 20131 40215 52015 70222 85100 22263
200101300600 3260  2870 040063 1 1VTXK       01203 51 98 22102152 150 180       131      551 6A0             165 21628992114 5                     2F111111111111A1A1AA1      276    12                    4                                              366                                                              99 0 BBXX01013020010315 VTXK 30063 99326 10287 41698 51210 10180 20131 40215 52015 70222 851/0 22263
200101300600 3260  2870 040063 1 1VTXK       01203 51 98 22102152 150 180       131      556 600             165 21628992114 5                     2F111111111111A1A1AA1      276    12                    4                                              366                                                              99 0 BBXX01013020010315 VTXK 30063 99326 10287 41698 51210 10180 20131 40215 52015 70222 85600 22263
200101300600 3260  2870 040063 1 1VTXK       01203 51 98 22102158 150 180       131      551 600             165 21628992114 5                     2F111111111111A1A1AA1      276    12                    4                                              366                                                              99 0 BBXX01013020010315 VTXK 30063 99326 10287 41698 51210 10180 20131 40215 58015 70222 85100 22263
200101301200 1820  4010 040074 1 1VVGG       03623 15 98 20101556 100 315       185      110 9A7             165 25480992114 5                     2F5FF121111111A1A1AA1      276    10                    4                                              366                                                              99 0 BBXX01013020010759 VVGG 30123 99182 10401 41998 19903 10315 20185 40155 56010 70200 810/7 22274
200101301200 3310  2690 040063 1 1VTXK       01203 72 98 12101607 200 180       131      444 600             165 21636992114 5                     2F111111111111A1A1AA1      276    11                    4                                              366                                                              99 0 BBXX01013020011100 VTXK 30123 99331 10269 41698 41214 10180 20131 40160 57020 70121 84400 22263
200101301800 3350  2540 040063 1 1VTXK       01203 62 98   101504  0            138      0   9               165 21635992114 5                     1FF111F111AA1AA1A1AA1      276    2                     4                                              366                                                              99 0 BBXX01013020011600 VTXK 30183 99335 10254 42998 01212 1/170 20138 40150 54000 22263
200101301800 3350  2540 040063 1 1VTXK       01203 62 98   101504  00 170       138      000 900             165 21635992114 5                     1F11111111AA11A1A1AA1      276    2                     4                                              366                                                              99 0 BBXX01013020011501 VTXK 30183 99335 10254 42998 01212 10170 20138 40150 54000 80000 22263
200101310000 1050  7520 040033 1 1VWWY           3 46 96 2210152    0           243      532 54A             165 257 5992114 5                     1FFFF1F171411AA1A1AAA      276    12                    4                                              366                                                              99 0 BBXX01013020012354 VWWY 31003 99105 10752 41596 55009 20243 40152 70222 8324/ 22233
200101310600 2250  3750 040074 1 1VVGG       0 103 26 98 21101852 300 230       134      9   9               165 21727992114 5                     2F111111111111A1A4AA1      276    11                    4                                              366                                                              99 0 BBXX01013120010814 VVGG 31063 99225 10375 41998 90105 10230 20134 40185 52030 70211 22274
200101310600 3440  2220 040063 1 1VTXK       0 803154    22101552 200 170       120       52 600             165 21642992114 5                     2F1211111A1111A1A4AA1      276    12                    4                                              366                                                              99 0 BBXX01013120010400 VTXK 31063 99344 10222 416/8 /0830 10170 20120 40155 52020 70222 85200 22263
200101310600 3440  2220 040063 1 1VTXK       02803154 98 22101502 200 170       120      552 600             165 21642992114 5                     2F111111111111A1A1AA1      276    12                    4                                              366                                                              99 0 BBXX01013120010400 VTXK 31063 99344 10222 41698 52830 10170 20120 4015/ 52020 70222 85200 22263
200101310600 3440  2220 040063 1 1VTXK       02803154 98 22101552 200 170       120      552 600             165 21642992114 5                     2F111111111111A1A1AA1      276    12                    4                                              366                                                              99 0 BBXX01013120010300 VTXK 31063 99344 10222 41698 52830 10170 20120 40155 52020 70222 85200 22263
200101311200 2400  3660 040074 1 1VVGG       03603 26 98 21101556 150 250       140      190 9A3             165 21746992114 5                     2F111111111111A1A3AA1      276    10                    4                                              366                                                              99 0 BBXX01013120010814 VVGG 31123 99240 10366 41998 13605 10250 20140 40155 56015 70210 890/3 22274
200101311800 3500  1990 040062 1 1VTXK       02703164 98 32101204  00 160       127      600 900             165 21559992114 5                     1F111111111111A1A1AA1      276    12                    4                                              366                                                              99 0 BBXX01013120011459 VTXK 31183 99350 10199 41998 62732 10160 20127 40120 54000 70322 80000 22262
